Name	Count
John	39356
William	23968
Thomas	20700
James	9310
Richard	8283
George	8122
Robert	7907
Samuel	6598
Edward	5954
Henry	5493
Charles	4698
Joseph	4212
Francis	3184
Alexander	3157
Daniel	2674
David	2559
Benjamin	2473
Isaac	2083
Edmund	1788
Peter	1651
Jonathan	1521
Andrew	1418
J	1412
Nathaniel	1331
Matthew	1293
Nicholas	1253
Philip	1132
Hugh	1034
Christopher	1010
Anthony	989
Arthur	975
R	851
Stephen	838
W	810
Gilbert	795
Walter	785
Oliver	744
Mary	734
Archibald	683
Patrick	656
Jean	650
Ralph	645
Laurence	632
Josiah	619
Hannah	615
Elizabeth	599
Simon	571
Michael	554
Roger	554
T	519
Cotton	483
Abraham	478
Pierre	478
Lewis	455
Humphrey	450
Martin	421
Marcus Tullius	405
Jeremy	392
Jeremiah	389
Sarah	387
Allan	365
Nathanael	364
Ebenezer	360
Timothy	349
Colley	348
S	341
Adam	338
Paul	331
A	320
Jacob	316
N	316
Theophilus	315
Joshua	307
P	304
Nicolas	294
Desiderius	291
E	289
Caleb	273
Giles	271
Margaret	266
C	260
Cornelius	259
M	250
Johann	244
Tobias George	232
Leonard	231
Ambrose	226
H	223
Moses	223
Abel	221
Gervase	221
August Von	220
Vincent	212
Clement	211
Johannes	210
Susanna	210
Jacques	204
Noah	203
D	200
Claude	197
Anne	196
Gabriel	196
Elkanah	195
François De Salignac De La Mothe-	195
Jonas	194
Richard Brinsley	190
Emanuel	189
Zachary	184
Lancelot	182
Eliza Fowler	181
Joannes	176
G	174
Giovanni	174
Henry St. John	174
Increase	174
Mathurin	174
Elisha	173
François	173
Nehemiah	173
Pietro	173
Philip Dormer Stanhope	172
Edmond	170
Jane	169
Ann	166
Aaron	165
Cardanus	163
Luke	163
François	160
Frederick	160
Herbert	160
Louis	160
Bernard	159
Elizabeth Singer	154
Solomon	153
Mark	152
Jean De	148
F	146
Nathan	144
Lucius Annaeus	140
Alain René	139
Hugo	139
Jean-jacques	134
Ben	133
Israel	133
White	131
Francesco	128
Frances	126
Horace	126
Nahum	123
B	122
Julius	122
Jean-baptiste	121
Friedrich	119
Matthias	119
Charles James	118
Herman	118
Aphra	117
Ferdinando	116
Maurice	116
Geoffrey	114
Job	114
Bartholomew	112
Paolo	112
Flavius	111
Titus	111
Janet	110
Miguel De	110
Donald	108
Tobias	108
George Villiers	107
Rowland	107
Catharine	103
Conyers	102
François De Salignac De La Mothe-	102
Obadiah	102
Duncan	101
Erasmus	101
Gerard	101
Dorothy	100
Ezekiel	100
Tho	100
Humphry	97
Charles De Secondat	96
Charlotte	96
Antonio	95
Elias	95
Sébastien	92
Guy	91
Arthur Ashley	90
Ephraim	90
Giuseppe	89
Owen	89
Marcus Junianus	88
Edward Hyde	87
Lawrence	87
Thomas James	87
Anthony Ashley Cooper	83
John Hamilton	83
George Savile	82
Beilby	81
Elinor	81
Miles	81
Antoine	80
Colin	79
Eleanor	79
Girolamo	79
Offspring	79
Ellis	77
Granville	77
Soame	77
William Augustus	76
George Alexander	75
Gregory	75
Bernardin De	74
Charlotte Turner	74
Claudius	74
Giovanni Paolo	73
Heinrich	72
Sophia	72
Thomas Wentworth	72
Batty	71
L	71
W. H	71
Christian	70
Joel	70
Mary Wortley	70
W. R	70
Catherine	69
Eustace	69
Jabez	69
Petrus	69
Simon Nicolas Henri	69
Charles Alexandre De	68
Mathew	68
Vicesimus	68
Johann Georg	67
Prince	67
Seth	67
Torquato	67
Everard	66
Johann Amos	66
Anna	65
Augustus	65
Bernard Le Bovier De	65
Carlo	65
Delariviere	65
Dudley	65
Tycho	65
Agnes	64
Bryan	64
Elhanan	64
Elijah	64
Jean-françois	64
John Horne	64
Jean Frédéric	63
Francisco De	62
Griffith	61
Henry Home	61
J. C	61
Micaiah	61
Paul Henri Thiry	61
Salomon	61
Théodore De	61
Basil	60
Christoph	60
Jan	60
Titan	60
Henri	59
Jacobus	59
Jakob	59
Philippe De	59
Gideon	58
Antonio De	57
Denis	57
Jean-françois	57
Katharine	57
Maria	57
Michel	57
John Campbell	56
Lodowick	56
Simeon	56
Salem	55
Valentine	55
H. Bate	54
John Wilmot	54
Peter Anthony	54
Andrea	53
Gulielmus	53
James George	53
Jedidiah	53
Andreas	52
George Monck	52
Helen	52
William Henry	52
Elisabeth	51
Jeremias	51
John Dalrymple	51
John Perceval	51
J.-p	51
Robert Goodloe	51
George Granville	50
Jeffery	50
Louis Ellies	50
Guillaume	49
M. G	49
August Hermann	48
Brian	48
Cuthbert	48
Dan	48
Eleazar	48
Fanny	48
Jacques Bénigne	48
Jasper	48
Lindley	48
Luigi	48
Marmaduke	48
Morgan	48
Denzil	47
John Sheffield	47
Kane	47
Marchamont	47
Newburgh	47
Percivall	47
Warren	47
Barnabe	46
Jean Louis	46
Lodovico	46
Payne	46
Phillip	46
Wm	46
Bezaleel	45
Gabriel-honoré De Riquetti	45
John Coakley	45
J. T	45
Martha	45
Roger Boyle	45
S. A. D	45
Tim	45
William Eden	45
Amos	44
Harry	44
John Thompson	44
Niccolò	44
Roderick	44
Archibald Campbell	43
Cornelis	43
Evan	43
Helen Maria	43
Juan Luis	43
Penelope	43
Quintus	43
Stéphanie Félicité	43
Carington	42
Dennis	42
George Saville	42
Giovanni Battista	42
Gorges Edmond	42
Humfrey	42
Johann Wolfgang Von	42
Lemuel	42
Percival	42
Theophs. J	42
Ann Ward	41
Dougal	41
Johann Caspar	41
Johannes De	41
Nathaniel Brassey	41
Ellenor	40
Gaultier De Coste	40
John Shute	40
Leonhard	40
Lucy	40
René	40
Theodore	40
Anton Wilhelm	39
Augustin	39
Eliphalet	39
Godfrey	39
Hercules	39
Ninian	39
Reginald	39
Sebastian	39
Stéphanie Félicité	39
William Fordyce	39
Capel	38
Hezekiah	38
Louis De	38
Nicolaus Ludwig	38
Spencer	38
Anton	37
Balthazar	37
C. E	37
Ezekias	37
Gabriel-françois	37
Giovan Gualberto	37
Jean-pierre	37
John Fitzgibbon	37
John James	37
Katherine	37
Marianne-agnès Pillement	37
Mary Ann	37
Mungo	37
Henry Dundas	36
Kenneth	36
Levi	36
Lorenzo	36
Peter Leslie	36
Fletcher	35
George Digby	35
Lionel	35
Thomas Lewis	35
Ezra	34
George Mackenzie	34
Gregorio	34
Hans	34
Henrietta	34
Isabella	34
James Douglas	34
John Henry	34
Kenelm	34
Malcolm	34
Nicolaus	34
Philippe	34
Robert Devereux	34
Simon Fraser	34
William Cavendish	34
Alessandro	33
Fabian	33
Francis D'	33
Frederick Howard	33
J. B	33
John Huddlestone	33
Algernon	32
Barnabas	32
Browne	32
Clara	32
Hendrik	32
Justus	32
Mcnamara	32
Miles Peter	32
Silas	32
Carl Von	31
Cesare	31
Hector	31
Jean D'	31
John Holroyd	31
Madeleine De	31
Marco Girolamo	31
Mather	31
Sampson	31
Edward Burnaby	30
Georgius	30
Gerardus Joannes	30
James Butler	30
James Duff	30
James Thomson	30
Juan De	30
Marcello	30
Michel De	30
Nicola Francesco	30
Olive	30
Pierre De	30
Raoul	30
Sylvester	30
Thomas-simon	30
Willoughby Bertie	30
Z	30
Abednego	29
Antoine De	29
Apostolo	29
Arise	29
Claude Prosper Jolyot De	29
Eusebius	29
Frances Chamberlaine	29
Glocester	29
Gryffith	29
Hildebrand	29
Mathieu François Pidanzat De	29
Noël Antoine	29
Pierre Mathurin De	29
Thomas Augustine	29
Vincenzo	29
Dorothea	28
Georges Louis Leclerc	28
Gottfried August	28
Guillaume De Salluste	28
Izaak	28
Jacob Aertsz	28
J. G	28
Johann Heinrich	28
John Boyle	28
John Joseph	28
John Thomas	28
Juan	28
Lewes	28
Manuel	28
Marcus	28
Nathaniel William	28
Pedro	28
Samson	28
Sarah Churchill	28
Theodor	28
Tom	28
Vavasor	28
William Cecil	28
Antonius	27
Enoch	27
François De	27
Joachim Heinrich	27
Karl Ludwig	27
Louis-sébastien	27
Myles	27
Noël Antoine	27
Reuben	27
Roberto Francesco Romolo	27
Alice	26
Alonso De	26
Battista	26
Carl Heinrich Von	26
Charles De	26
Charles Francis	26
Elizabeth Grey	26
Felix	26
Gaspar	26
George Isaac	26
Hanserd	26
Harriet	26
Henoch	26
Henry James	26
Henry Montagu	26
Jean Baptiste	26
Jesse	26
John Churchill	26
Josias	26
Juan Eusebio	26
Margaret Cavendish	26
Philip Morin	26
Philipp	26
Rachel	26
Raphael	26
Sayer	26
Silius	26
William Cusack	26
Alonso	25
Anna Maria	25
Christoph Christian	25
Georges	25
Harbottle	25
Jean-antoine-nicolas De Caritat	25
Jean-paul	25
John Peter	25
Pierre Carlet De Chamblain De	25
Rebecca	25
Rice	25
Robert John	25
Robertus	25
Susannah	25
Wetenhall	25
Zacharias	25
Alexander Stewart	24
Audley	24
Augustine	24
Blaise	24
Hervey Redmond Morres	24
J. H	24
John Philip	24
John Wynn	24
J. S	24
Niels	24
Priscilla	24
Rhys	24
Archibald James Edward	23
Charles Henry	23
Cyprian	23
Deuel	23
Edward Montagu	23
Elizabeth Sibthorpe	23
Frank	23
Gerrard	23
Isaiah	23
James Barry	23
Jaspar	23
Meric	23
Peregrine	23
Sam	23
Serenus	23
Tristram	23
Victorinus	23
William Douglas	23
A. D'	22
Alexandre De	22
Carlo Francesco	22
Charles De Fieux	22
De	22
Dominique	22
Franco Petri	22
Frederic	22
Gavin	22
George Henry	22
Giovanni Francesco	22
Isabel	22
Jeanne De Saint-rémy De Valois	22
Lazare	22
Malachy	22
Nevil	22
Phineas	22
René	22
Stewart	22
Thomas Richard	22
Tommy	22
William Lisle	22
Abiel	21
Adrianus	21
Arthur Annesley	21
Asa	21
Caspar	21
Charles Douglas	21
Charles Montagu	21
Eliza	21
Enos	21
George Gordon	21
Jacques De	21
James Maitland	21
J.-j	21
John Joachim	21
J. Z	21
Marie-catherine	21
M. De	21
Oswald	21
Pacificus	21
Publius	21
Slingsby	21
Tench	21
Thaddeus Mason	21
Thomas Bradbury	21
Alfonso	20
André	20
Ange	20
Antony	20
Bartholomaeus	20
Charles Geneviève Louis Auguste André Timothée D'	20
Conrad	20
Daniel Finch	20
Diego	20
Digby	20
Elnathan	20
Eyles	20
Hayman	20
Henry Howard	20
Jack	20
Jean Jacques	20
J. F	20
John Maclaurin	20
Joseph De	20
Joseph Holden	20
Lorenz	20
Louis-sébastien	20
Nicolas De	20
Pawlet	20
Pelatiah	20
Pierre-daniel	20
Pierre François	20
V. J	20
William Wentworth	20
Baltasar	19
Charles-françois Du Périer	19
Edwin	19
Eli	19
Francisco	19
Franciscus	19
George Germain	19
Gerald	19
Heinrich Cornelius	19
Henry William	19
Hew	19
Horatio	19
Isaac De	19
Jacques Antoine Hippolyte	19
James Graham	19
James Hamilton	19
Jean-henri	19
Jean-pierre-louis De	19
Jerónimo	19
J. J	19
John Cosens	19
Mathias	19
Matthew Robinson-morris	19
Otto	19
Robert Treat	19
Titus Maccius	19
Alberto	18
Aldo	18
Balthasar	18
Charles Lennox	18
Charles-marie De	18
Chauncey	18
Corbyn	18
David Erskine	18
Degory	18
Diederick Wessel	18
François-thomas-marie De Baculard D'	18
George Robert	18
Gerhard	18
Gustavus	18
Henrich	18
Jacob De	18
James Stuart	18
Jean-armand	18
John Francis	18
John Gilbert	18
Manoah	18
P. J. B	18
Randle	18
Robert Hay	18
Robert Pool	18
Saint	18
Samuel Stanhope	18
Strickland	18
Theobald	18
Thomas Osborne	18
Abraham De	17
Adriaan	17
Aelius	17
Alban	17
Alberico	17
Albrecht Von	17
Arnold	17
Benedict	17
Bevill	17
Bulstrode	17
Caesar	17
Charles Pinot-	17
Friedrich Gottlieb	17
Giacomo	17
Grantham	17
James Digges	17
Jean Gaspard	17
Joan	17
Johann Reinhold	17
John Foster	17
John Ker	17
Laetitia	17
Lazarus	17
Lucius Cary	17
Marco Antonio	17
Mariana	17
Mary White	17
Matthieu	17
Mostyn John	17
Newcome	17
Nicol	17
Norman	17
Phillis	17
Pierre Augustin Caron De	17
Richard Joseph	17
Robert Rich	17
Thomas Brooke	17
Tiberius	17
Urbanus	17
Walley Chamberlain	17
Will	17
William Alexander	17
William Laurence	17
Aeneas	16
Andrew Robinson Stoney	16
Angel	16
Anselm	16
Bernardino	16
Christoph Martin	16
Diego De	16
Eustache	16
Filippo	16
Gatien	16
George Bubb	16
George Hay	16
Hamilton	16
Hamon	16
Immanuel	16
Ira	16
Isaac Hawkins	16
Isabelle De	16
James Edward	16
James Makittrick	16
James Murray	16
James Solas	16
Jean François	16
Jean-gabriel	16
Jean Paul	16
Jo	16
Joachim	16
Johann Jakob	16
Johann Sigismund	16
John Ward	16
Leonardus	16
Louis Sébastien	16
Marie	16
Marius	16
Niccolo	16
Phillips	16
Richard Paul	16
Robert Martin	16
Steven	16
Temple	16
Toby	16
Wenceslaus	16
Whiston	16
William Bell	16
William Henry Cavendish-bentinck	16
Wolfgang	16
W. S	16
Alured	15
Antoinette	15
Boyle	15
Carl	15
Chandler	15
Claude-prosper Jolyot De	15
Daines	15
Dugald	15
East	15
Edward Howard	15
Eugene	15
F. G	15
Francis Grant	15
Geo	15
George Lindsay-crawford	15
H. C	15
Heneage Finch	15
Henri Joseph	15
H. H	15
I	15
Jared	15
Lockyer	15
Marie Jeanne De Heurles Laboras De Mezières	15
Mark Anthony	15
Mateo	15
Niel	15
Orlando	15
Philip Carteret	15
P.-j	15
Richard Owen	15
Robert Lumley	15
Roger Palmer	15
Sébastien	15
Septimus	15
Sir John	15
Tace	15
Thaddeus	15
Traiano	15
Uzal	15
Wentworth Dillon	15
Willem Jacob 's	15
William Julius	15
Albert	14
Anne Thérèse De Marguenat De Courcelles	14
Barbara	14
Campbell	14
Charles William	14
Cornelius De	14
Domenico	14
Egerton	14
Ellin	14
Etienne	14
François-vincent	14
Gabriel Joseph De Lavergne	14
Gaius Valerius	14
Georg	14
George Skene	14
Grace	14
Guido	14
Hall	14
Henricus	14
Henry Booth	14
Hubert	14
Ignatius	14
John Nicholson	14
Lilly	14
Louis-antoine	14
Ludovick	14
Marion	14
Murrough O'brien	14
Neil	14
Nicola	14
Shippie	14
Shute	14
St. George	14
Sylvanus	14
Teresia Constantia	14
William Duff	14
William Howard	14
William Murray	14
Wyndham	14
Zabdiel	14
Abiah	13
Adrien	13
Alexander Fraser	13
Alexander Wedderburn	13
André	13
Ant.-fr	13
Antoine De Pas	13
Archibald Cochrane	13
Armand Jean Du Plessis	13
Aubry De	13
Cadwallader	13
Carew	13
Charles Coote	13
David Stewart Erskine	13
Devereux	13
Dominick	13
Dunbar Douglas	13
Ethan	13
F. D	13
Gaetano	13
Gawin	13
George Frideric	13
George Van Den Bempdé	13
Henry Constantine	13
Ignace Gaston	13
J. A	13
Jacques-auguste De	13
James Bland	13
James Eyre	13
James Primrose	13
Joanna	13
Joannes Ernestus	13
Johann Friedrich	13
John Frederick	13
John Hope	13
Justus Henry Christian	13
Lydia	13
Matteo	13
Muḥammad Ibn ʿabd Al-malik	13
Pierre Henri	13
Pierre Joseph	13
Regina Maria	13
Samuel Taylor	13
Scipione	13
Silvester	13
Theodorus	13
Thomas Catesby	13
Thomas Hamilton	13
Tommaso	13
Uvedale	13
Virgilio	13
Wilhelm	13
Willem	13
Willoughby	13
Zachariah	13
Zacharie	13
Amyas	12
Angelo	12
Anne Douglas	12
Anthony à	12
Antonio Del	12
A. O	12
A. S	12
Baldassare	12
Benjamin Andrewes	12
Bernhardus	12
Brownlow	12
Bruno	12
Calybute	12
C.-f	12
Charles-alphonse	12
Charles Schaw	12
Christopher Frederic	12
Clifton	12
Eben W	12
Eden	12
Edward Russell	12
Ellis Cornelia	12
Esther	12
Eunice	12
Fisher	12
François De	12
Galeazzo	12
George Stepney	12
Greenvile	12
Henri-françois	12
Jackson	12
James Albert Ukawsaw	12
James Erskine	12
James Stanley	12
Jason	12
J. E	12
Jean Baptiste Bourgignon D'	12
Jean François	12
Jean Joseph	12
Jerónimo	12
Jethro	12
Johann Jacob	12
Johann Lorenz	12
John Joshua	12
John Murray	12
Judah	12
Juliana	12
Leonardo	12
Lysimachus	12
Margaret Caroline	12
Murdoch	12
Patrick Murray	12
Petruccio	12
Philip Yorke	12
Pietro Martire	12
Pomponius	12
Richardson	12
Roland	12
Salvator	12
Samuel L	12
Thomas Sedgwick	12
Thomas Tregenna	12
Tony	12
Torbern	12
Trophime-gérard	12
Vittorio	12
Watkin	12
Whitelocke	12
William Graham	12
William Hamilton	12
W. M	12
Alexander Fraser Tytler	11
Angus	11
Anne Thérèse De Marguenat De Courcelles	11
Ant. Jaq	11
Basil William	11
Béat Louis De	11
Benedetto	11
Benjamin Smith	11
Brooke	11
Charles François Du Périer	11
Charlwood	11
Christian Friedrich	11
Christian Gotthilf	11
Christoph Gottlieb	11
Cyril	11
Daniel Isaac	11
Edward Augustus	11
Edward Somerset	11
Edward William	11
Ely	11
Frederick Calvert	11
Fulke	11
George Smith	11
Georg Friedrich	11
Gérard De	11
Gilbert Elliot	11
G. M	11
Helenus	11
Henry Evans	11
Henry Redhead	11
Hester Lynch	11
Iacopo	11
Ja	11
James Pettit	11
J.-b	11
Jean François De	11
Jeanne De Saint-rémy De Valois	11
Jeanne Marie Bouvier De La Motte	11
Jeronimy	11
Johann David	11
Johann Gottlieb	11
Johann Joachim	11
Johann Philipp	11
John Robert	11
John Talbot	11
Josua	11
Josuah	11
Lambert	11
Laurent	11
Lucas	11
Magdalen	11
Marjory	11
Maximilien	11
M. L	11
M. L. E	11
Mr	11
Nicolas-françois	11
Nicolas-joseph	11
Olaudah	11
Osgood	11
Pasquin	11
Pedro De	11
Phanuel	11
Philippe Sylvestre	11
Pieter	11
Randolph	11
Ranieri De	11
Rudolf Erich	11
Simonds	11
Thémiseul De	11
Theobald Wolfe	11
Tipping	11
Venterus	11
Whiting	11
William Bromley	11
William Fiennes	11
William Grant	11
William Thomas	11
William Wyndham	11
Zephaniah	11
A. F. M	10
A. G	10
Alison	10
Allen	10
Antoine-joseph	10
Arcangelo	10
Barten	10
Bartholomew Di	10
Benito Jerónimo	10
Bennet	10
Bob	10
Bonaventure	10
C. F	10
Charles Stanley	10
Clark	10
Daniel Peter	10
Douglas	10
Edmund John	10
Edward Wortley	10
élie	10
Elizabeth Robinson	10
E. M	10
Emer De	10
Essex	10
Faithful	10
Fr	10
François-étienne	10
Friedrich Michael	10
George Booth	10
George Frederick	10
George Onesiphorus	10
Georgiana Cavendish	10
Giorgio	10
Grizel	10
Harmen	10
H. D	10
Henry Neville	10
James Burnet	10
James Peter	10
Jean-louis Guez	10
Jean Pierre	10
J. M	10
J.-m.-a	10
John Bourke	10
John Digby	10
John Hay	10
John Quincy	10
Josephus	10
Judith	10
King Of England	10
Lazzaro	10
Levinus	10
L.-p	10
Ludvig	10
Maria Susanna	10
N. D	10
Niccolò	10
Paul P	10
Phil	10
Pierre De Bourdeille	10
Pierre Étienne Auguste	10
Polydore	10
Rich	10
Robert Anthony	10
Robert Bailey	10
Robert Boucher	10
Robert Edward	10
Ronald	10
Shadrach	10
Stephen Payne	10
Stuart	10
T. A	10
Timothie	10
T. S	10
Ulrich	10
Weeden	10
Willem Janszoon	10
William Gordon	10
William Kerr	10
William Martin	10
Adam De	9
Aedanus	9
Alvaro Alonso	9
Andrew Coltee	9
Anne Kingsmill Finch	9
Antoine Laurent	9
Asahel	9
August Gottlieb	9
Baptista	9
Bernard De	9
Bertie	9
Bonnell	9
Carlos	9
Catherine Elizabeth	9
César De	9
Charles Brockden	9
Charles Cajetan	9
Charles Edward	9
Charles Gabriel	9
Charles Howard	9
Charles Irénée Castel De	9
Charles John Ann	9
Charles Kendal	9
Charles Louis	9
Charles Peter	9
Clementina	9
Dick	9
Dominicus	9
Elizabeth Sarah Villa-real	9
Emmanuel-louis-henri-alexandre De Launay	9
Evrard De	9
Ezechiel	9
Famiano	9
Fifield	9
Franciscus Mercurius Van	9
François-joachim De Pierre De	9
George Anne	9
George Warter	9
Gershom	9
Giordano	9
Giovanni Angelo	9
Giovanni Da	9
Giovanni Pietro	9
Grey	9
Guillaume De	9
Henry Herbert	9
Henry Pierrepont	9
Henry Scott	9
Homan	9
Ilay	9
Inigo	9
Isobel	9
J. A. De	9
James Allan	9
James Johnston	9
James Maurus	9
James Napper	9
Jean-alphonse	9
Jean-augustin-julien	9
Jean-claude	9
Jean-louis	9
Jeremiah Whitaker	9
Jerome	9
Johann Andreas	9
John C	9
John Drummond	9
John Gerar William	9
John Singleton	9
John Stuart	9
John Thornton	9
John Watson	9
Jonathan Mitchell	9
Joseph C	9
Kellom	9
Lambert Van Den	9
Lauchlan	9
Laurence Hynes	9
Leone Battista	9
Louis Charles	9
Louis Claude De	9
Marie De Rabutin-chantal	9
Marie Jeanne De Heurles Laboras De Mezières	9
Marin Cureau De	9
Marshall	9
Mary Julia	9
Mercy Otis	9
Mordecai	9
Mother	9
Noel	9
Phoebe	9
Pierre Jean	9
Praisegod	9
Quirin	9
Rees	9
Reeve	9
Renwick	9
Richard Coote	9
Robert Acklom	9
Robert Dundas	9
Robert Stewart	9
Roger De Rabutin	9
Samuel James	9
Thomas Dunham	9
Thomas Edlyne	9
Thomas Fyshe	9
Thomas Hyde	9
Urian	9
Wellins	9
William George	9
Abiezer	8
Abigail	8
Abner	8
A.-g	8
Alexander James	8
Alexandre	8
Anders	8
Andrew Macdowall	8
Antoine-françois De	8
António De	8
Arabella	8
Ashbel	8
Ashley	8
Aston	8
Augustus Henry Fitzroy	8
Aulay	8
Azariah	8
Baldwin	8
Bartolomé De Las	8
Bonaventura	8
Brook	8
Bry	8
Chaloner	8
Charlotte Johnston	8
Christiaan	8
Christian Fürchtegott	8
Claude-louis	8
Colen	8
Constantine John Phipps	8
Dale	8
David Murray	8
David S	8
David Threipland	8
Dorcas	8
Eilhard	8
Elizabeth Leveson-gower	8
Euphame	8
Ferrante	8
Florence	8
Francis Ingram Seymour Conway	8
François Jean	8
Frans	8
Franz	8
Friedrich Hermann Von	8
Gennaro Antonio	8
Giambattista	8
Giovanni-andrea	8
Hendricus	8
Henry Seymour	8
Hermann Von	8
Hugh Hume	8
James Dalrymple	8
James Ogilvy	8
Jean-antoine De Mesmes	8
Jean Baptiste Van	8
Jean Bochart	8
Jean François Paul De Gondi De	8
Jean Georges	8
Jean Lerond D'	8
Jean Simon	8
Jeffrey	8
Jehan De	8
Jelinger	8
Jerom	8
Joel Abraham	8
John Gordon	8
John Hurford	8
John Lodge	8
John M	8
Joseph F. W	8
Julien Offray De	8
Konrad	8
Leonel	8
Louis-antoine De	8
Luís De	8
Malachi	8
Mary Anne	8
Mary Lee	8
Meredith	8
Moore	8
Mrs	8
Murtaugh	8
Narcissus	8
Nathaneel	8
Nicolo	8
Peres	8
Peyton	8
Philemon	8
Philips Van	8
Robert Dudley	8
Robert Greville	8
Roger De	8
Rudolf	8
Shackerley	8
Stefano	8
St. John	8
Theodosius	8
Thomas Clio	8
Thomas Cochrane	8
Thos	8
V	8
William Peere	8
Wye	8
Zechariah	8
Abram	7
Adolphus	7
Agostino	7
Alex	7
Alexander Leslie	7
Alexander Lockhart	7
Alexis	7
Amon	7
Archer	7
Archibald Johnston	7
Auguste Heinrich Julius	7
August Wilhelm	7
Azel	7
Barak	7
Barnaby	7
Bennett	7
Billy	7
Bryce	7
Cecil	7
C. H	7
Charles Grant	7
Charles Louis De	7
Charles Maitland	7
Charles Willson	7
Christof	7
Christofer	7
Cipriano De	7
Claudine Alexandrine Guérin De	7
Constantine	7
Cosmo	7
Cosmo George	7
C. V	7
Damaris	7
David Hirchel	7
Disney	7
Dorothea Sinclair Duff	7
éléazar De	7
Elizabeth Sophia	7
Emanuele	7
Engelbert	7
étienne	7
Evaldus	7
F. A	7
Fayrer	7
Ferdinando Tracy	7
Foote	7
Francis North	7
Francis Perceval	7
François-alexandre-frédéric	7
Francoisco Xavier De	7
François-thomas-marie De Baculard D,́	7
Gabrielle-suzanne Barbot Gallon	7
Garnet	7
Gaspare	7
Gebhard Friedrich August	7
Georg Christian	7
George Frederick Nugent	7
Gerschom	7
Gordon	7
G. W	7
Hardouin De	7
Helena	7
Helkiah	7
Hendrik Van	7
Henri-françois De	7
Henry Addington	7
Henry George	7
Henry Hyde	7
Henry Penruddocke	7
Henry Sidney	7
Hieronymus	7
Hilkiah	7
Hiob	7
Hortense Mancini	7
Ignaz	7
Jacopo	7
Jacques-bénigne	7
James Carmichael	7
James Francis	7
Jean André	7
Jean-baptiste De	7
Jean Cornand De	7
J. John	7
Joel-henrietta	7
Johannes Ab	7
Johann Peter	7
Johann Wilhelm Von	7
John B	7
John Christopher	7
John Mason	7
John Mead	7
John Mitford	7
Joseph Pitton De	7
J. W	7
Kōnstantinos	7
Lawrence Parsons	7
Lilias	7
Louis-jean	7
Louis-pierre	7
Luca	7
Luís De	7
Luther	7
Marco	7
Margaret Stewart	7
Martín	7
Mathieu	7
Matt	7
May	7
Melchior	7
Melchior De	7
Melvill	7
Mercy	7
Naphtali	7
Nath	7
Nicaise	7
Niel Primrose	7
O	7
Otis	7
Pat	7
Patience	7
P. De	7
Percy	7
Peregrine Osborne	7
Philippus	7
Pier Giovanni	7
Pierre Antoine De	7
Pierre D'	7
Pierre-joseph	7
Pietro Martire D'	7
P. Papinius	7
R. B	7
Richard Verney	7
Rip	7
Robert Cecil	7
Robert Spencer	7
Royall	7
Salvatore	7
Samuel Eusebius	7
Samuel Foart	7
Samuel Morton	7
Sawney	7
Sidney	7
Sir Henry	7
Sir Roger	7
Sir Thomas	7
Smyth	7
Stebbing	7
Stephano	7
Susannah Maria Arne	7
S. W	7
Swithin	7
Terence	7
Théodore Turquet De	7
Thomas George	7
Thomas Howard	7
Thomas Pelham-holles	7
Thomas Pope	7
Thomas Walter	7
Ulpian	7
Ulrich Von	7
Wawrzyniec	7
William Charles	7
William Maule	7
William Petty	7
William Sinclair	7
William Todd	7
Wills Hill	7
Abraham Van	6
Adam Moses Emanuel	6
Adrian	6
Albanis	6
Albert Otto	6
Albertus	6
Alexander Contee	6
Alexander Montgomerie	6
Alfonso De	6
Amandus	6
Ambroise	6
Andrewes	6
Andrew Hervey	6
Anne Hyde	6
Antonio Maria	6
Archibald Hamilton	6
Archibald Steuart	6
Arrigo Caterino	6
Auguste	6
Aurelian	6
Baldassarre	6
Bartholomäus	6
Benedikte	6
Bertrand De	6
Bishop Of Carthage	6
Bishop Of Hippo	6
Carl Bernhard	6
Carl Peter	6
Carolus	6
Chapman	6
Charles Boyle	6
Charles-claude-florent De	6
Charles François Philibert	6
Charles Hamilton	6
Charles Hay	6
Charles Hope	6
Charles-joseph	6
Charles Mordaunt	6
Charles Nicholas	6
Christophorus	6
Cooper	6
Daniel De	6
Deodat	6
Duke	6
E.-a	6
Edmond Charles	6
Edward Hussey	6
Edward Rowe	6
Edward Thomas	6
Edward Tymewell	6
Elam	6
Eliezer	6
Elihu	6
élisabeth	6
Elizabeth Chudleigh	6
Elizabeth Percy	6
Ester	6
Eupham	6
Experience	6
Ezerel	6
Felice	6
Fernando De	6
Frances Mackenzie	6
Francis Boyle	6
Francis Garden	6
Francis Henry	6
Francis Rawdon-hastings	6
François-xavier	6
Frederik Ludvig	6
Frig	6
Gabriello	6
Galileo	6
Gasparo	6
G. H	6
Giulio	6
G. N	6
Gotthold Ephraim	6
Greville	6
Guy Toussaint Julien	6
Hadrianus	6
Hary	6
Havilland	6
Heinrich Wilhelm	6
Helperus Ritzema	6
Hen	6
Heneage	6
Henry Barry	6
Henry David	6
Henry Gray	6
Hewling	6
Hieronymus David	6
H. P	6
Jacques-bénigne	6
Jacques Davy	6
Jacques-henri	6
James-brown	6
James Bruce	6
James Fitzgerald	6
James Henry	6
James Jones	6
James Radclyffe	6
Jan Van	6
Jaques	6
Jean-baptiste-louis	6
Jean-françois De	6
Jean Henri	6
Jean-louis Guez De	6
Jean-pierre De	6
J. L	6
Johannes H	6
John Barlow	6
John Carteret	6
John Gale	6
John Glen	6
John Joshua Proby	6
John Lindsay	6
John Morin	6
John Smith De Burgh	6
John Southey	6
John Till	6
John Vere	6
Jos	6
Joseph Nicol	6
J. P	6
Jupiter	6
Karl Friedrich	6
Keith	6
Knightley	6
Knightly	6
Lachlan	6
Leman Thomas	6
Ludovico	6
Ludwig	6
Magnus	6
Marc	6
Margaret Sinclair	6
Marguerite-jeanne	6
Marten	6
Martha Arundel	6
Martinus	6
Mileson	6
Moses C	6
Muḥammad Qāsim Hindū Shāh Astarābādī	6
Munro	6
Nancy	6
Nicolas Antoine	6
Nicolas De Koning	6
Ogier Ghislain De	6
Onno Zwier Van	6
Patrick Hume	6
Paul De	6
Peggy	6
Peter Monamy	6
Philippus Van	6
Pierre-charles-fabiot	6
Pierre-curel	6
Pierre Joseph D'	6
Pierre Louis	6
Pierre-raymond De	6
Pierre Samuel	6
Pierre-victor	6
Pieter Corneliszoon	6
Pieter De La	6
Placido	6
P. V	6
Raoul-auger	6
Rembert	6
René-louis De Voyer	6
Rhodomonte	6
Richard Annesley	6
Robert Carter	6
Robert J	6
Robert Wallace	6
Romaine Joseph	6
Rose	6
Rowley	6
Sarah Fyge	6
Sarah Wentworth	6
Sheltco À	6
Sidrach	6
Sir Francis	6
Sir William	6
Stanley	6
Stephanus	6
Sylvester Douglas	6
Tannegui	6
Thomas Butterworth	6
Thomas Green	6
Thomas Grey	6
Thomas William	6
Tomaso	6
Tristam	6
Urbano	6
Vincenzio	6
Walter Blake	6
Walter Savage	6
Warner	6
Wheeler	6
Wilfrid	6
Wilhelm Adolf	6
William Davies	6
William Russell	6
Absalom	5
Adolf	5
Adriano	5
Adrien De La Vieuville D'orville	5
Aegidius	5
Alden	5
Alicia	5
Alssenadro	5
Amelia	5
Anne-gédéon	5
Annibale	5
Antoine Marie	5
Antonio Francesco	5
Arthur William	5
Ashton	5
Auger	5
Augustin De	5
Baptist Noel	5
Barthélemy	5
Bartholomäus	5
Benedictus	5
Bernardo	5
Bernhard Christoph	5
Bernhard Siegfried	5
B. J	5
Blasius	5
B. N	5
Bridel	5
Busick	5
Calvin	5
Camille	5
Caroline	5
Cassandra	5
Catharine Rebecca	5
C. C	5
Charles Alfred	5
Charles Maurice De	5
Choderlos De	5
Christiaan Van	5
Christoph Theodosius	5
Claude François	5
Claude Joseph	5
Cleave	5
Clifford William	5
Conradus	5
Consider	5
Cornélie Wouters	5
Cornelis De	5
Crisp	5
Dalby	5
David A	5
David James	5
David Thomas	5
Deane	5
Deborah	5
Denis Vairasse D'	5
Dominique De	5
Dr	5
Eaglesfield	5
Edw	5
Edward Cavendish	5
Edward Daniel	5
Eleanora	5
Eleazer	5
Eliab	5
Elizur	5
Étienne-guillaume	5
Euseby	5
Ewald Friedrich	5
Festus	5
Fettiplace	5
Fowler	5
Francis Godolphin Osborne	5
Francis Stoughton	5
François-dominique De Reynaud	5
François Jean	5
François Paul	5
François René Jean De	5
G. A	5
Gad	5
G. Archibald	5
Geeraert	5
George Andrew	5
George Augustus William	5
George Brudenell	5
George Brydges	5
George Buchan	5
George Edward	5
George Griffin	5
George Pitt	5
George Richards	5
Georgette De	5
Georg Paul	5
Gervase Parker	5
G.-h	5
Gibbon	5
G. Neville	5
Gonsale	5
Gyles	5
György	5
Haddon	5
Hans Caspar	5
Hellen	5
Henri De	5
Henry Rich	5
Hercules Langford	5
Hermon	5
Hopton	5
Houston	5
Howell	5
Humphry Tristram	5
Ichabod	5
Ignace Hugary De	5
Ignazio	5
Innocent	5
Jacob Friedrich	5
Jacobina	5
James A	5
James Ph	5
James Touchet	5
Jan Van Der	5
Jean De Dieu-raymond De	5
Jean-françois De Galaup	5
Jean-françois De Galaup	5
Jean-hugues Duroy De	5
Jean-pons-victor Lecoutz De	5
Jean Sylvain	5
Jean-thomas	5
Jemmett	5
Jermyn	5
J.f	5
J. Hector	5
J. N	5
J. O	5
Joannes Ab	5
João Jacinto De	5
João Jacinto De	5
Jodocus	5
Johann Adam	5
Johann Clemens	5
Johann Gottfried	5
Johann Gustav	5
Johann Kaspar	5
Johann Ludwig	5
Johann Rudolf	5
John-baptist	5
John Baptist	5
John Blair	5
John Boniot	5
John Chrysostom Gregory	5
John Clerk	5
John Daniel	5
John De	5
John Ferdinand Smyth	5
John Hadley	5
John Leslie	5
John Maclellan	5
John Monck	5
John Newell	5
John Wall	5
Joseph Grove John	5
Joseph Marie	5
Józef	5
Judas Thaddaeus	5
Junius	5
Kenrick	5
L. A	5
Landon	5
L. B	5
Leone	5
Leopold	5
Lodwick	5
Loftus	5
Lope De	5
Louis Armand De Lom D'arce	5
Louis De Rouvroy	5
Louise De	5
Louis-laurent	5
Ludolf	5
Manuel De	5
Marcin	5
Margaret Blair	5
Margery	5
Marston	5
Matthaeus	5
Matthew White	5
Matthias De	5
Mauritius	5
Mervyn Touchet	5
Murroghoh	5
Ned	5
Newton	5
Nicolas-charles-joseph	5
Noel Joseph	5
Norton	5
N. T	5
Onesimus	5
Orazio	5
Paulus	5
Pehr	5
Peleg	5
Pemberton	5
Peter L	5
Philadelphia	5
Philip David	5
Ph. Levi	5
Pierre-françois-xavier De	5
P. J	5
Pons Augustin	5
Quintin	5
Radford	5
Ranald	5
Ranulf	5
Raymond De	5
Reay	5
Redmond	5
Richard Bankes	5
Richard Graham	5
Richard Henry	5
Richard Payne	5
Ro	5
Robert De	5
Robert Home	5
Robert Ker	5
Robert R	5
Robt	5
Roderic	5
Sackville	5
Salathiel	5
Sally	5
Sampson Gideon	5
Samuel Waller	5
Sebastiano	5
Sébastien Le Prestre De	5
Seguin Henry	5
S. Ferrand	5
Sheltco à	5
Simon De	5
Sir Hugh	5
Sir Richard	5
Sydenham	5
Symon	5
Theodosia	5
Thomas Bates	5
Thomas Herbert	5
Thomas O'brien	5
Tobie	5
T. R	5
Ulick De Burgh	5
Val	5
Valentin	5
Vital D'	5
Weaver	5
William Andrew	5
William Baillie	5
William Boyd	5
William Cunningham	5
William F	5
William Herbert	5
William Johnston	5
William Moore	5
William Pitt	5
William Steel	5
William Taube	5
Winifred	5
Woodes	5
Ysbrand Van	5
Yves-joseph	5
Zedekiah	5
A. A	4
A. B	4
Abbé De	4
Abraham Blackstone	4
Abraham Isaak	4
Abraham Lynsen	4
Achille-guillaume	4
Achilles	4
Adoniram	4
Adrian Van	4
Adrien Michel Hyacinthe	4
æneas	4
Agmondisham	4
A.-j	4
Alan	4
Alexander Hume-campbell	4
Alexander Penrose Cumming	4
Alexander Philip Wilson	4
Alexander Sinclair	4
Alexander V	4
Alexandre-toussaint	4
Algernon Percy	4
Allan Maconochie	4
A. M	4
Amable	4
Ambrosius De	4
Andrew Thomas Stewart	4
Anna Riggs	4
Anne Scott	4
Antoine-françois De	4
Antoine George	4
Antoine-yves	4
Antoni Van	4
Arent Van	4
Arnoldus	4
Arthur Capel	4
Arthur Herbert	4
Arundel	4
Asher	4
Augustus Frederic Christopher	4
Aurelio	4
Barnabé Farmain De	4
Barnard	4
Barry	4
Barry Maxwell	4
Benajah	4
Benito Jerónimo	4
Benjamin Douglas	4
Benjamin Henry	4
Bohun	4
Bourchier	4
Brabazon	4
Brampton	4
Bridgis	4
Brudenell	4
Caleb Hillier	4
Carl Gustaf	4
Carlo Antonio	4
Charles Calvert	4
Charles Fitzroy	4
Charles-françois	4
Charles Frederick	4
Charles-georges	4
Charles Gerard	4
Charles-marguerite-jean-baptiste Mercier	4
Charles Theodore	4
Christiana	4
Christian Heinrich	4
Christian Peter Von	4
Christoffel	4
Christopher Daniel	4
Claud	4
Claude Carloman De	4
Claude-françois Milliet	4
Claude Henri De Fusée De	4
Consort Of Charles I	4
Constantia	4
Cornélie Wouters	4
Cornelius William	4
Cotton-mather	4
Cresacre	4
Cyrus	4
Daniel Clarke	4
Darby	4
David Leslie	4
David William	4
Dolly	4
É	4
Edmund Boyle	4
Edmund Thomas	4
Edward Henry	4
Edward Stratford	4
E. H	4
Eliz	4
Emery	4
Ercole	4
Erick	4
Erycius	4
Esteban	4
Etienne De	4
Eucharius	4
Evangelista	4
évariste Désiré De Forges	4
Evelyn	4
Federico De	4
Felipe	4
Fernão Mendes	4
Fielding	4
Fleury	4
Florentius	4
Francis De	4
Francis Henry Egerton	4
Francis Taaffe	4
Francis William	4
François-alexandre-frédéric	4
François-antoine	4
François-michel-chrétien	4
François Parrain De	4
Frederick William	4
Friedrich Von	4
Friedrich Wilhelm	4
Frodsham	4
Fulvio	4
F. X	4
Gabriel Jacques De Salignac	4
Galfridus	4
Gamaliel	4
Garcilaso De La	4
Garrat	4
Garrett	4
Genu-soalhat	4
George Annesley	4
George Davies	4
George Goring	4
George Montgomery	4
George Parker	4
George Ramsay	4
Georges-louis De	4
George Van Den Bempdé	4
George William	4
Gérard	4
Gerardus	4
Giambattista Della	4
Giles Linnett	4
Giuseppe Dʾippolito	4
Giuseppe Loreto	4
G. L	4
Gonzalo De	4
Gruffydd	4
Gualterus	4
Guglielmo	4
Guidubaldo	4
Gustav Anton	4
Gustavus Rochfort	4
Haagen	4
Hadrian	4
Hardress	4
Helvidius	4
Henri De La Tour D'auvergne	4
Henrietta Ann	4
Henry Cary	4
Henry Clifford	4
Henry David Erskine	4
Henry Fox	4
Henry Francis	4
Henry Loftus	4
Henry Petty	4
Henton	4
Hermann	4
Hermann Van Der	4
Hill	4
Hipólito San Joseph	4
Hipólito San Joseph	4
Home Riggs	4
Horace Bénédict De	4
Horatius	4
Hugh Josiah	4
Hugh Percy	4
Hull	4
Hustcraft	4
Is	4
Ivar	4
Jacob Nicolas	4
Jacques André	4
Jacques-antoine-rené	4
Jacques Bénigne	4
Jacques Rochette De	4
James Augustus	4
James Harris	4
James Hay	4
James Ley	4
James Lindsay	4
James M	4
James Scott	4
James Stewart	4
Jan Philipsz	4
Jas	4
J. De	4
J. Dennis	4
Jean-françois De	4
Jean-hugues	4
Jean-philippe	4
Jean Regnauld De	4
Jean Rodolphe D'	4
Jean Siffrein	4
Jedediah	4
Jemmy	4
Jenkin	4
Jens	4
Jeremais	4
Jérôme	4
J. Fr	4
Johan	4
Johann Christian	4
Johann Conrad	4
Johann Heinrich Gottlob Von	4
Johann Hieronymus	4
Johann Michael	4
John Henniker-major	4
John Julius	4
John Keith	4
John Kennedy	4
John Littleton	4
John Lockhart	4
John Manners	4
John Miller	4
John Paul	4
John Russell	4
John Sylvester John	4
John Turberville	4
John Weddell	4
Jo. Jacob	4
Jon	4
Jona	4
Jordan	4
Joseph-emmanuel De	4
Joseph Gurney	4
Joseph Jacob Ritter Von	4
Joseph Jekyll	4
Joshua L	4
J. R	4
J. Seobald	4
Julien	4
J. Van Der	4
Karl Josef Von	4
Karl Philipp	4
Lambertus	4
Lancaster	4
Laurentio	4
Lemuel Dole	4
Libert	4
Lodovick	4
Louis Claude	4
Louis Edmé	4
Louis Guillaume	4
Lucius Henry	4
Ludovic	4
Ludwig Friedrich	4
Marc De	4
Marguerite De	4
Marianne	4
Mary Dawes	4
Mary Elizabeth	4
Matteo Maria	4
Maurice Auguste	4
Maximilian	4
Maxwell	4
Mead	4
Michał	4
Michel-rené	4
M. J	4
M. Le Roy	4
Morgan J	4
Morris	4
Moyse	4
Murray	4
Naphtal	4
Nathanaell	4
Nathaniell	4
Neal	4
Niccolò Marcello	4
Nicholas Philpot	4
Nicolás	4
Nicolas Gabriel	4
Nikolaus	4
Nils	4
Noël	4
Obed	4
Olivier De	4
Ottobah	4
Paddy	4
Pararicini	4
Patricius	4
Paul-emilien	4
P. B	4
Peregrine Bertie	4
Perez	4
Peter Stephen	4
Peter Van	4
Philémon De	4
Philip John	4
Philipp Jakob	4
Philip Stanhope	4
Philogynes	4
Pierre Le Pesant	4
Prideaux	4
Prudencio De	4
Q	4
Randal	4
Randall Plunkett	4
Ranulf De	4
Raymond	4
René-louis De Voyer	4
Rest	4
Reynold Gideon	4
R. H	4
Ricardus	4
Richard Grenville-temple	4
Richard Josceline	4
Richard Lovell	4
Robert Carey	4
Robert Griffeth	4
Robert Kerr	4
Robert Monckton-arundell	4
Robert Waring	4
Robin	4
Roger Hope	4
Sacheverell	4
Sackville Tufton	4
Salomon De	4
Samuel Harrison	4
Samuel Hull	4
Sauveur	4
Saverio	4
Shon Ap	4
Silvanus	4
Silvio	4
Simson	4
Sir George	4
Stafford	4
Stanisław	4
Stephen Martin	4
Stephen Mix	4
Stephen Theodore	4
Susan	4
Sydney	4
Tam	4
Tate	4
Temple Henry	4
Theodorus Jacobus	4
Theophila	4
Thomas Addis	4
Thomas Dix	4
Thomas Dongan	4
Thomas Egerton	4
Thomas Gregory	4
Thomas Hay	4
Thomas Kennedy	4
Thomas Ledlie	4
Thomas Pelham-clinton	4
Thomas Robert	4
Thomas Verney	4
Thomas Wells	4
Toussaint	4
Trophime-gérard	4
Uno Von	4
Unton	4
Valentin Andreas	4
Veronica	4
Villiers Clara	4
Vin	4
Waltho	4
Westley	4
Weyman	4
W. F	4
William Dalrymple-crichton	4
William Scott	4
William Seymour	4
William Wenman	4
Yeoman	4
Yves	4
Abdias	3
Abraham Ben Hananiah Dei Galicchi	3
Abraham Louis	3
A. C. De	3
Adair	3
A. De	3
Alain	3
Albinia	3
Alexander Crowcher	3
Alexandre-louis	3
Alonso Jerónimo De	3
Amasa	3
Ames	3
Aminadab	3
Ammi Ruhamah	3
Amzi	3
Angelo Maria	3
Anna Eliza Brydges	3
Anne Claude Philippe	3
Anne Grenville-temple	3
Anne Lindsay	3
Anne Montgomery	3
Anne-robert-jacques	3
Anodyne	3
Anselme D'	3
Antoine Augustin	3
Anton Friedrich	3
Armand De Bourbon	3
Armand Jean De Plessis	3
Aron	3
Arrigo	3
Arthur Chichester	3
Arthur Wolfe	3
Athanasius	3
Axel Fredrik	3
Aylmer	3
Barbarie De	3
Barent	3
Barlow	3
Bartimaeus	3
Bartolomeo	3
Bassett	3
Bathsua	3
Beauchamp	3
Beaumont	3
Bell	3
Benedictus De	3
Benjamin Choyce	3
Benjamin Young	3
Benoît De	3
Bessie	3
Bishop Of Smyrna	3
Blackerby	3
Bradford	3
Bridget	3
Brockhill	3
Bryan I'anson	3
Bunker	3
C. A	3
Calubyte	3
Carsten	3
Cater	3
Cave	3
Celio Secondo	3
Cha	3
Challoner	3
Charles Alexander	3
Charles Brandon	3
Charles Colyear	3
Charles Cotesworth	3
Charles Erskine	3
Charles George	3
Charles H	3
Charles Louis Auguste De Fouquet	3
Charles-michel	3
Charles Nicolas	3
Charles Sackville	3
Chauncy	3
Christian Anton	3
Christian Gottfried	3
Christian Ludwig	3
Christlob	3
Christopher Love	3
C. J	3
C. Julius	3
Claude De	3
Claude Deschamps	3
Claude Grostête	3
Claude Joseph De	3
Claude-marie	3
Claudio	3
C.-n	3
Colin Lindsay	3
Conrade	3
Constant	3
Cressy	3
Cristof Hermann	3
Cromwell	3
C. S	3
D'	3
Daniel Ben	3
Darius	3
David B	3
David De Isaac Cohen	3
David Evans	3
Dedrick	3
Delabere P	3
Denison	3
Dewitt	3
Diana	3
Dionysius Van De	3
Domingo	3
Dorning	3
Doroteo	3
Drake	3
Dudley Carleton	3
Eaton	3
Ebenezer Grant	3
E. C	3
Edmund M	3
Ed. P	3
Edvardus	3
Edward Ambrose	3
Edward Cecil	3
Edward Hussey-montagu	3
Edward John	3
Edward Southwell	3
Ellen	3
Elliot	3
Elspeth	3
Emmanuel	3
Emmanuel-auguste-dieudonné	3
Emmanuel Van	3
England	3
Enrico	3
Erastus	3
Ernst	3
Ernst Christoph	3
Ernst Gottlieb	3
Etienne-françois	3
Etienne François	3
étienne-françois De	3
Eugenia	3
Ewen	3
F. B	3
F. C	3
Felicité De	3
Felix Anthony De	3
Ferdinand Oliver	3
Floyer	3
F. M	3
Forde Grey	3
Francis Bermingham	3
Francis Burdett	3
Francisco Manuel De	3
Francis Kelly	3
Francis Noel Clarke	3
Francis Williams	3
Franco	3
Franc̦ois	3
Françoise-albine Puzin De La Martinière	3
François-joachim De Pierre De	3
François Joseph	3
François Pierre De	3
François Xavier	3
Frans De	3
Frederic Coningesby	3
Frederick Morton	3
Freeborn	3
Friedrich Christlieb	3
Friedrich Leopold	3
Friedrich Wilhelm Ludolf Gerhard Augustin	3
Fulk	3
Gabriel De	3
Gainsborough	3
Gallian	3
Gardiner	3
Gédéon	3
Gefrey	3
Georg Andreas	3
George Cadogan	3
George Cockburn	3
George Douglas	3
George Evans	3
George Hanmer	3
George Henry Hay	3
George Isham	3
George Marie	3
George Phillips	3
George R	3
Georges Boissaye	3
George Verney	3
George Walpole	3
Georg Ludwig	3
Gerard De	3
Germain	3
Gershom C	3
Gershon	3
Giambatista	3
Gilles	3
Gioachino	3
Giovan Battista	3
Giovanni Andrea	3
Giralamo	3
Giulio Cesare	3
Giuseppe Maria	3
Giusto Ferdinando	3
Godard	3
Goodlove	3
Gottfried	3
Gottfried Van	3
Gouverneur	3
Gowin	3
Grace Carteret	3
Gracious	3
Grı́mur Jónsson	3
Grindal	3
Grissel	3
Grizell	3
Gualtherus	3
Guy De	3
Habakkuk	3
Hamlet	3
Hannibal	3
Hans Moritz	3
Hardwicke	3
Harri	3
Harrison	3
Harrison Gray	3
Heber	3
Heinrich Otto	3
Heinrich Werner	3
Heman	3
Hendrick	3
Henri-emmanuel De	3
Henrietta Cavendish Scott Bentinck	3
Henrietta Hope	3
Henrietta Maria	3
Henriette-anne	3
Henriette-julie De Castelnau	3
Henri Ignace De	3
Henrique Xavier	3
Henry Browne	3
Henry Carey	3
Henry Collingwood	3
Henry De	3
Henry Lasher	3
Henry Merttins	3
Henry O'brien	3
Henry Reginald	3
Henry Sacheverell	3
Henry Somerset	3
Herman Van	3
Hester	3
Hester Ann	3
Hieronim	3
Higgins	3
Highman	3
Hocquet	3
Honoré	3
Honoré-gabriel De Riquetti	3
Hughes	3
Hugh Murray	3
Huntington	3
Isabell	3
Isabella Howard	3
István	3
Ivory	3
Izrahiah	3
J.-a	3
Jacinto	3
Jacob Judah Aryeh Leon	3
Jacobus S	3
Jacques Benigne	3
Jacques-françois-paul-aldonce De	3
Jacques-françois-paul-aldonce De	3
Jacques-julien	3
Jakob Von	3
Jam	3
James Alexander De	3
James Carrick	3
James Ferguson	3
James Fitzjames	3
James Lovell	3
James Lowther	3
James Moore	3
James Philip	3
James Sandilands	3
James Sinclair	3
James Wilson	3
Jane Cholmeley	3
Jane Elizabeth	3
Jan Janszoon	3
Jan Kazimierz	3
Jean-andré	3
Jean Antoine Claude	3
Jean Baptiste Claude	3
Jean Baptiste De	3
Jean-baptiste-marie-louis	3
Jean Baptiste Michel	3
Jean-baptiste-nicolas-denis D'	3
Jean-bernard	3
Jean-joseph	3
Jean-joseph-louis	3
Jean Nicolas	3
Jean Ogier De	3
Jean Philippe	3
Jeremiah Van	3
Jérôme	3
Jerry	3
J.-f	3
J. G. Van	3
J. H. D	3
J.-m	3
Joannes Carolus	3
Joanot	3
Joe	3
Joh	3
Johann Albrecht	3
Johann Christoph	3
Johann Christophorus	3
Johann Ernst	3
Johannes Van	3
Johann Gotthilf	3
Johann Liborius	3
Johann Nepomuck	3
John Bernard	3
John Carmichael	3
John Cole	3
John Fane	3
John Frederic	3
John George	3
John Graves	3
John H	3
John Hobart	3
John Howe	3
John Lanne	3
John Lyon	3
John Maitland	3
John Michael	3
John Philpot	3
John Prior	3
John Robartes	3
John Samuel	3
Johnson	3
John Stewart	3
John West	3
John William	3
John Wright	3
Jonah	3
Jone	3
José	3
José Francisco De	3
Joseph Brown	3
Joseph Damer	3
Joseph Honoré	3
Joseph Jacques De	3
Joseph-marie-françois De	3
Joseph Marius	3
Joseph Whittingham	3
Juan Bautista	3
Juan Bautista De	3
Juan Da	3
Judith Sargent	3
Jules	3
Julian	3
Karl Wilhelm	3
Katharine Bokenham	3
Kenneth Mackenzie	3
Kirby	3
L.-a	3
Lacy	3
Launcelot	3
Laurent D'	3
Lawrence Shirley	3
Lawton	3
L. C	3
Legard	3
Legh	3
Lister	3
Littleton	3
Lodovico Antonio	3
Lording	3
Lorenzo Guglielmo	3
Louisa	3
Louis-alexandre	3
Louis Alexandre De	3
Louis Bernard	3
Louis D'	3
Louis-françois	3
Louis-gorin De	3
Louis Marie	3
Louis Philippe Joseph	3
Lucretia	3
Luke Plunkett	3
Lyman	3
Maarten Harpertsz	3
Manasseh	3
Manison	3
Mantuanus	3
Marc-théodore	3
Margaret De	3
Margaret Kincaid	3
Margaretta V	3
Marie Joseph Paul Roche Yves Gilbert Du Motier	3
Mario Di	3
Marshall Montague	3
Martín	3
Mary Eleanor Bowes	3
Mary Hay	3
Mary Martha	3
Matthaeus Gottfried	3
Matthieu De	3
Menno	3
Mercurius	3
Methuselah	3
M. Guelfi	3
Michel Descazeaux	3
Mikhail	3
Mme	3
Moïse	3
Morrough O'brien	3
Moses Cohen D'	3
Murtagh	3
Néricault	3
Nicolino	3
Nikolaus Joseph	3
Noël	3
Of Assisi	3
Olof	3
Onslow	3
Oronce	3
Ottaviano	3
Otto Van	3
Owen Mac	3
Owen Roe	3
Packington	3
P.-a.-o	3
Pasquale De	3
Patrick Dugud	3
Patrick Ruthven	3
Paul Hay	3
Paul Henry	3
Paul Jérémie	3
Pedro De La	3
Peirson	3
Peltro William	3
Peniston	3
Penistone	3
Peregrine Clifford	3
Perient	3
Peter Andreas	3
Petrus Anthonius De	3
Petrus De	3
Phelim	3
Philip Dormer	3
Philip Herbert	3
Philipp Andreas	3
Philippe-jacques De	3
Philippe Richard	3
Philo	3
Phinehas	3
Phipps	3
Pierce	3
Pierre-françois	3
Pierre-françois Godart De	3
Pollingrove	3
Rachael	3
Randall	3
Rd	3
Rebecca Carey	3
Reinold	3
Rene	3
René-antoine Ferchault De	3
René De	3
R. G	3
Richard Boyle	3
Richard De	3
Richard Hely-hutchinson	3
Richard Scrafton	3
Richard Talbot	3
Richardus	3
Rigdum	3
R. Legge	3
Rob	3
Robert Bruce	3
Robert Carr	3
Robert Cutlar	3
Robert-françois-joseph	3
Robert Stuart	3
Robert William	3
Robina	3
Roch-antoine De	3
Roderick Mackenzie	3
Rodolphe	3
Rosewell	3
Rupert	3
Ruth	3
S. A	3
Saml	3
Samuel Argent	3
Samuel De	3
Samuel Eyles	3
Samuel Haynes	3
Samuel John	3
Samuel Martin	3
Saunders	3
S. De	3
Sebastian Vander	3
Sébastien De	3
Sébastien Le Prestre De	3
Sergeĭ Ivanovich	3
Servington	3
Sextus Julius	3
Sh	3
Shinkin	3
Shinkin Ap	3
Shirley	3
Sieur De	3
Simon Finley	3
Simon-pierre	3
Sinclare	3
Solomon Owen	3
Staats Long	3
Stevenson	3
Stotherd	3
Styan	3
Tanfield	3
Taylor	3
T. H	3
T. H. B	3
Thomas Boothby	3
Thomas Collins	3
Thomas Cushing	3
Thomas Dawson	3
Thomas Lyon	3
Thomas Tudor	3
Thomas W	3
Tiberius Catius	3
Timmy	3
T. J. Du Wicquet	3
Torial	3
Trotti De	3
Tufton Charles	3
Tully	3
Tunis	3
Udal	3
Urbain	3
Uriah	3
Ursula	3
Vaughan	3
Vincentio	3
Wendy	3
Wentworth	3
West	3
Whitley	3
Wilhelm Christoph	3
William C	3
William Fraser	3
William Gerard	3
William Henry Granville	3
William Jarvis	3
William Lindsay	3
William Mayne	3
William Ward	3
Winch	3
Winchcombe Henry	3
Winthrop	3
W. J	3
Zebulon	3
Zeph	3
Abraham Von	2
Adam Cockburn	2
Addison	2
Adolf Fredrik	2
Adrien-marie-françois De	2
Agamemnon Shaglock Van	2
Agathon Marie René De	2
Agrippa D'	2
A. H	2
Alastair	2
Alastoir	2
Albert-henri De	2
Alessandro Ercole	2
Alessandro Vittorio	2
Alessio Segala De	2
Alexander Bruce	2
Alexander Doriack	2
Alexander Gibson	2
Alexander-henry	2
Alexander Herman	2
Alexander Murray	2
Alexander Ogilvy	2
Alexandre Frédéric Jacques De Masson	2
Allyn	2
Alonso Jerónimo De	2
Al.-phil	2
Alphonse De	2
Alphonsus	2
Al Qāsim Ibn ḁlı̄	2
Althea	2
Alvaro	2
Álvaro De	2
Alverey	2
Ambrosius	2
Amédée François	2
Amelia Fraser	2
Amice	2
A.-m.-j	2
Amy	2
Anacharsis	2
Ananias	2
Ancient	2
Anders Jåhan	2
Andréa De	2
André Everard	2
André Hercule De	2
Andres	2
Andrés	2
Andrew John	2
Andrew Pringle	2
Angell Dillon	2
Anglicus	2
Anne De	2
Anne-gédéon	2
Anne Hamilton	2
Ann Eliza	2
Ann Elizabeth	2
Annesley	2
Ann Julia	2
Ann Maria	2
Anthelme	2
Anthony Da	2
Anthony James Pye	2
Anthony James Radclyffe	2
Anthony Philip	2
Antiokh Dmitrievich	2
Antoine Alexandre Henri	2
Antoine-angélique	2
Antoine Babuty	2
Antoine Grimoald	2
Antoine John	2
Antoine-marie	2
Antoine-rené	2
Antoine Urbain	2
Anton Ferdinand Von	2
Antonia	2
Antonie	2
Antonius De	2
Anton Raphael	2
Apjohn	2
Apphia	2
Aquila	2
Archibald Gordon	2
Ariel	2
Armand Louis	2
Armar Lowry-corry	2
Aron De	2
Arrabella	2
Arthur Mohun St. Leger	2
Asbury	2
Audomarus	2
Augusta Caterina Petra	2
Auguste-pierre	2
Augustus Everard	2
Augustus John Hervey	2
Aulus	2
Aulus Cornelius	2
Aylett	2
Balt	2
Bankes	2
Baptist	2
Barbara Villiers Palmer	2
Barnett	2
Barrington	2
Barry Yelverton	2
Barthélemy	2
Bartholemew	2
Bartholomeu	2
Bartin	2
Bartolomej	2
Bartolommeo	2
Barton	2
Beau	2
Beckwith Dodwell	2
Benj	2
Benjamina	2
Benjamine	2
Benjamin Franklin	2
Benjamin Habakkuk	2
Benvenuto	2
Bernard Edward Howard	2
Bernardino De	2
Bernardus	2
Bessy	2
Betty	2
Bibye	2
Bildad	2
Blaise De	2
Blaise-henri De Corte	2
Blyth	2
Bonaventura Van	2
Booth	2
Brandan	2
Brettridge	2
Brice	2
Brownlow Bertie	2
Brownlow Cust	2
Bryan Bury	2
Bulkley	2
Cabbé De	2
Cajetan	2
Caleb Parry	2
Camillo	2
Canute	2
Carl Benjamin	2
Carlos Martínez De Yrujo Y Tacón	2
Caroline Lucretia	2
Cary	2
Casimir	2
Castore	2
Castruccio	2
Catherine Cailleau	2
Catherine Douglas	2
Catherine Sarah	2
Catherine Sedley	2
Cathrine	2
Cavalier	2
C. D	2
César	2
C. G	2
Charles-auguste	2
Charles Bennet	2
Charles Bruce	2
Charles Chalmont	2
Charles Cobbe	2
Charles Cunningham	2
Charles élie De	2
Charles François	2
Charles-françois Racot De	2
Charles Geneviève Louis Auguste André Timothée D'	2
Charles Georges	2
Charles Godfrey	2
Charles Gordon	2
Charles Henri	2
Charles-jean-françois	2
Charles Knollys	2
Charles Lee	2
Charles Marie De	2
Charles Philippe	2
Charles Pinckney	2
Charles Stuart	2
Charles Ventris	2
Charles Vipont	2
Charlotte-antoinette De Bressay	2
Charlotte Chaumet D'	2
Cheney	2
Chidley	2
Cholmley	2
Chr	2
Chrétien Guillaume De Lamoignon De	2
Christian August	2
Christian Frederik	2
Christian Friedrich Daniel	2
Christian Gottlob	2
Christoforo	2
Christoph Friedrich	2
Christophilus	2
Claude-camille-franc̜ois	2
Claude-françois	2
Claude Irvine Boswell	2
Claude-jacques	2
Claude Philibert	2
Clerophilus	2
Clopton	2
Clovis Hesteau	2
C. M	2
Coll	2
Collin	2
Collinson	2
Colonel	2
Connor Maguire	2
Constant De	2
Constantin De	2
Copplestone Warwick	2
Corbet	2
Corneille De	2
Costanzo	2
Count Palatine	2
C. R	2
Cranmer	2
Cristóbal De	2
Cristoforo	2
Curtis	2
Cutts	2
Cyriacus	2
Da	2
Dafydd	2
Da Milano	2
Daniel Augustus	2
Daniel Tnangam	2
Darcy	2
David C	2
David Francesco	2
Da Vinci	2
D'blossiers	2
D. De	2
Delahay	2
Dermitius	2
Dermot	2
Dietrich Ludwig Gustav	2
Dillon	2
Dionis	2
Dionyse	2
Dircy	2
D. J	2
Dod	2
Doll	2
Domenico Luigi	2
Drue	2
D. T. De	2
Dublin	2
Duncan Ban	2
Dunstan	2
Durand	2
Durant	2
Eardley	2
Eberhard August Wilhelm Von	2
Ed. De	2
Edgar	2
Edme	2
Edmé	2
Edmund Sheffield	2
Eduardus	2
Edward Atkyns	2
Edward Auriol Hay	2
Edward Brabazon	2
Edward Bridges	2
Edward Davys	2
Edward Deane	2
Edward Long	2
Edward M	2
Edward Mainwaring Davies	2
Edward Pye	2
Edward S	2
Edward Sackville	2
Edward Seymour	2
Edward Whitaker	2
Effingham	2
E. J	2
Eleasar	2
Eleonora	2
Elie	2
Elis	2
Elisabeth Elphinstone	2
Elizabeth Campbell	2
Elizabeth De	2
Elizabeth Fitzgerald	2
Ellinor	2
Emanuel D'	2
Emily	2
Emmanuel Joseph	2
Enosh	2
En Philadelphia	2
Eobald	2
Esek	2
Étienne	2
étienne Agard De	2
Etienne Bonnot De	2
étienne Bonnot De	2
Euphemia Fleming	2
Evans	2
Eyre	2
Faustus	2
Félix De	2
Ferdinand	2
Fergus	2
Fergusia	2
Fernando	2
Filliberto Sallier De	2
F. J	2
Fleetwood	2
Foulke	2
Fra	2
Fran	2
Frances Dillon	2
Frances Maria	2
Frances Teresa Stuart	2
Francisco Solano	2
Francis Daniel	2
Francis Ferrand	2
Francis John Hyde	2
Francis Russell	2
Francis Scott	2
Francis Seymour	2
Francis Stuart	2
Francis Thomas	2
Francis Venables	2
Francois	2
François Aimé	2
François Augier De	2
François-claude-amour	2
François D'aix De	2
Francois De	2
Francois Durant De	2
François Félix	2
François-joachim-bernard Potier	2
François-joseph Terrasse	2
François Marc	2
François Pierre	2
François Thérèse	2
Frans Van Den	2
Franz Anton	2
Fred	2
Fri	2
Friedrich Adolph	2
Friedrich Christian	2
Friedrich Karl Casimir	2
Friedrich Ludwig	2
Friedrich Maximilian	2
F. T	2
F.-x. De	2
Fynes	2
Gabriel James	2
Gabriel-raimond-jean-de-dieu François D'	2
Gael	2
Gaspard De	2
Gaspard Guillard De	2
G. D	2
Geffrey	2
Geo. Alex	2
Geoffroi	2
Georg Adam	2
George Campbell	2
George Fermor	2
George Forbes	2
George Gerbier	2
George H	2
George Hastings	2
George Joseph	2
George Keith	2
George Montagu	2
George Peter	2
George Poyntz	2
Georg Ernst	2
George Rodney	2
Georges-henri-victor	2
George Symes	2
George Talbot	2
George Woodford	2
Georgius Acacius	2
Georg Joachim	2
Georg Jonathan Von	2
Georg Rodolf	2
Gérard	2
Gerard Fridrikh	2
Géraud De	2
German	2
Gerónimo De	2
Gerrald	2
Gershom Mendes	2
Gertrude	2
Gezelena	2
G. F. De	2
Giambattista Cinzio	2
Giannambrogio	2
Gianvincenzo	2
Gijsbrecht Ab	2
Gilbertus	2
Giles S	2
Gio. Batta	2
Giovanni Alberto	2
Giovanni Antonio	2
Giovanni Battista Felice	2
Giovanni Michele	2
Giuseppe A	2
G. J. H	2
Gottlieb	2
G. P	2
Graham	2
Granville Leveson-gower	2
Grazio	2
Gregore	2
Grisel	2
Gui	2
Guichard	2
Guidobald	2
Guillaume-alexandre De	2
Guillaume-emmanuel-joseph Guilhem De Clermont-lodève	2
Gumperz	2
Gurdon	2
Gwenwyn	2
Gwilim	2
Hamnet	2
Hannah Callowhill	2
Hannah Webster	2
Hans Wintrop	2
Harbord Harbord	2
Harcourt	2
Harding	2
Hardouin De Beaumont De	2
Harriot	2
Harriot Steuart	2
Hatton	2
Helenor	2
Henri De Feucher D'	2
Henrietta Cavendish Holles Harley	2
Henrietta Knight	2
Henrik Van	2
Henri-louis	2
Henri-marie	2
Henry Benedict	2
Henry Charles	2
Henry Charles Christian	2
Henry Digby	2
Henry Draper	2
Henry Edwards	2
Henry Francis Robert	2
Henry Grey	2
Henry Jermyn	2
Henry Marius	2
Henry Richard Vassall	2
Henry Thomas	2
Hermannus	2
Hewitt	2
Hezekiah N	2
Hobart	2
Holloway Whitfield	2
Honoré D'	2
Houstonne	2
Hovenden	2
H. R	2
Hugues Sureau	2
Hunter-james	2
Hyacinth	2
Hyacinthus	2
Iacobus	2
Ichabod L	2
I. F. Henry	2
I. G	2
Ignace-michel-louis-antoine D'irumberry De	2
Ignatious	2
Ignazy	2
Innes	2
Iōsēph	2
I. P	2
Irenaeus	2
Isaac Stockton	2
Isaac Watts	2
Ishmael	2
Isidoro Casado De Azeveda De Rosales	2
Israël-bernard De	2
Issac	2
Izsák L	2
Jac. De	2
Jacob Lopes	2
Jacobus De	2
Jacques Roergas De	2
Jakob De	2
James Annesley	2
James Cecil	2
James De	2
James Drummond	2
James Field	2
James Hepburn	2
James King	2
James Lane	2
James Mathew	2
James Roper	2
James Ross	2
James Rutherford	2
James Smith	2
James Sutherland	2
Jane Elizabeth Leslie	2
Jan Janszn	2
János	2
Jaques-antoine	2
Jaques Roergas De	2
Jassintour	2
J. D	2
J. D. A	2
Jean-adrien	2
Jean-antoine	2
Jean-antoine-claude	2
Jean Baptiste Charles Marie De	2
Jean-baptiste-louis-théodore	2
Jean-bernard-louis	2
Jean-bernard-louis Desjean	2
Jean-charles	2
Jean Denis	2
Jeane	2
Jean-etienne	2
Jean-guillaume De	2
Jean-leo	2
Jean Louis De	2
Jean Marie Jérôme	2
Jean-nicolas De	2
Jean-nicolas-étienne	2
Jean-nicolas-marcelin	2
Jean-philippe De	2
Jean Philippe René De	2
Jean-vincent	2
Jeffries	2
Jellinger	2
Jemima	2
Jérôme De	2
Jerónymo	2
Jerónymo	2
Jirah	2
J. L. Audibert	2
Joannes Maria De	2
João Rodrigues De Sà E	2
João Rodrigues De Sá E Meneses	2
Johan Daniel	2
Johanna	2
Johanna Eleonora	2
Johann August	2
Johann Bernhard	2
Johann Daniel	2
Johannes Armondus De	2
Johannes D'	2
Johannes Jakob	2
Johannes Justus	2
Johannes Maximilian	2
Johann Gottlob	2
Johann Heinrich Von	2
Johann Hermann	2
Johann Hermann Von	2
Johannis	2
Johann Joachim Von	2
Johann Joseph	2
Johann Julius Von	2
Johann Martin	2
Johann Michael Friedrich	2
Johann Pharamund	2
Johann Philip	2
Johann Seger	2
Johann Stephan	2
Johann Wolfgang Andreas	2
Johan Van	2
Joh. Aug	2
John A	2
John Annesley	2
John Baxter	2
John Bellenden	2
John Brice	2
John B. S	2
John Chancellor	2
John Charles	2
John Cleves	2
John Colman	2
John Cope	2
John Cotton	2
John Edge	2
John Fauchereaud	2
John Fitzmaurice	2
John Gabriel	2
John Gardner	2
John Gay	2
John Herman	2
John Hermon	2
John I	2
John I.e.	2
John Irving	2
John Jelliland	2
John Jervis White	2
John K	2
John Le	2
John Lewis	2
John Lindsay-crawford	2
John Marks	2
John Martin De	2
John Mascoll	2
John Milner	2
John Montagu	2
John Nathan	2
John Neal	2
Johnny	2
John P	2
John Pascal	2
John Pennington	2
John Philip Conway	2
John Polus	2
John Ralph	2
John Redman	2
John Ruthven	2
John Sidney	2
Johnson Atkinson	2
John Spencer	2
John Stafford	2
John Tracy	2
John Villiers	2
John Vincent	2
John W	2
John-weeks	2
John Williamson	2
Johny	2
Jonathan L	2
Jonathan Williams	2
José	2
José De	2
Jose Pereira De	2
Joseph Adolphe	2
Joseph Franz	2
Joseph-gaspard-gilbert De	2
Joseph Henry	2
Joseph Octave	2
Joseph Seymour	2
Joseph Smith	2
Joseph Solomon	2
Joshua Hezekiah	2
Joshua Wingate	2
Josia	2
Josiah C	2
József	2
J. Samuel	2
Julia	2
Julie	2
Junior	2
Justine	2
Karl	2
Karl Gottlieb	2
Kathrine	2
Kilborn	2
Kinki	2
Kit	2
Konrad Engelbert	2
Konstantinos	2
Kōnstantinos	2
Lambert Ten	2
Langley	2
Larry	2
Lauchlin	2
Laughlin	2
Laurence Fiennes	2
Lawrence Dundas	2
Lee	2
Leonard Van	2
Leopold Joseph Maria Von	2
Leopold William	2
Levinius	2
Lewis Clove Bovoin	2
Lewis De	2
Lewis Henry	2
Lilliputius	2
Lionardo	2
L. M	2
Lockhart	2
Lorenzo De'	2
Louis-andré De La Mamie	2
Louis André De La Mamie	2
Louis-balthazar	2
Louis François Armand Du Plessis	2
Louis François Armand Du Plessis	2
Louis Gabriel	2
Louis Joseph	2
Louis-léon-félicité	2
Louis-madeleine	2
Louis-marie	2
Louis-marie-jacques-almaric	2
Louis-rené De Caradeuc De	2
Louis-silvestre De	2
Louis-thomas Hébert De	2
Louis Valentin De	2
Louis Verjus	2
Lucas Janszoon	2
Lucius Junius Moderatus	2
Ludovicus	2
Ludwig Wilhelm	2
Luis	2
Lyon	2
Maciej Kazimierz	2
Mainie Anne	2
Major	2
Manasseth	2
Mānavadharmaśāstra	2
Marc-antoine	2
Marc-rené	2
Marcus Elieser	2
Marcus Friedrich	2
Margaret Bingham	2
Maria Henrietta	2
Marie Antoinette	2
Marie-jeanne	2
Marin	2
Marinus	2
Marquard	2
Martin Christian Gottlieb	2
Mary Fitzgerald	2
Mary Lane	2
Mary-philippa-jean-agnes	2
Mascall	2
Math	2
Mathäus	2
Mathieu De	2
Matilda	2
Matthew Campbell	2
Matthew De	2
Matthew Livingston	2
Matthias Gottfried	2
Maximilien Henri	2
Maynard Chamberlain	2
M. E	2
Melchisédec	2
Meletios	2
Melmoth	2
Meriwether	2
Mervyn	2
Michael Benedict	2
Michael Bourke	2
Michael Christian	2
Michael Gabriel	2
Michael Thomas	2
Michel Angelo	2
Middleton	2
Miguel	2
Mikołaj	2
Mill	2
Molleston	2
Monsieur De	2
Montague Bertie	2
Montgomery	2
Morganwg	2
Mort	2
Morton	2
Myndert	2
Nash	2
Naṣīr Al-dīn Muḥammad Ibn Muḥammad	2
Nassau	2
Nat	2
Nathaniel Curzon	2
Nathaniel Edward	2
Nath. Nathaniel	2
N. B	2
Neale	2
Neast	2
Nestor	2
Nestore	2
Neville	2
Niccol.̊	2
Niccolao	2
Nicholaas Ten	2
Nicholas Preston	2
Nicolaas	2
Nicolas Christiern De Thy	2
Nicolas Etienne	2
Nicolas François	2
Nicolas Germain	2
Nikolaos	2
Nivelle De	2
Norborne Berkeley	2
Orlando Di	2
Ortuinus	2
Ottavio	2
Ottone Enrico Dal Carretto	2
Oxenbridge	2
P. A	2
Parker	2
Paston	2
Patrick Craufurd	2
Patrick Grant	2
Patty	2
Paul Colend	2
Paul François	2
Paul-gédéon Joly De	2
Paulin	2
Paul-philippe	2
Paul Thomas	2
Peder	2
Pedro Fernandes De	2
Peirce	2
Pet	2
Peter Brady	2
Peter Burrell	2
Peter Gally De	2
Peter Henry	2
Peter Waldron	2
Peter Walkden	2
P. F	2
Ph	2
Phebe	2
Philbert	2
Phil. D'	2
Philip Bracebridge	2
Philip Howard	2
Philippe-auguste De Sainte-foix	2
Philippe De Clérembault	2
Philippe De Gentils	2
Philippe Louis Franc̜ois	2
Philip Pitt	2
Philipp Johann	2
Pier Francesco	2
Pierre Drapeyron De	2
Pierre étienne Auguste	2
Pierre Eugène	2
Pierre Hubert	2
Pierre Jean Baptiste	2
Pierre-louis D'	2
Pierre Marie Auguste	2
Pierre Martin De	2
Pierre-paul	2
Pieter Van	2
Poggio	2
Polly	2
Polycarpus	2
Pope	2
Porcupinus	2
Poul	2
P. R	2
Preserved	2
Prokhor	2
Prudence	2
P. V. De	2
P. W	2
Pynson	2
Radcliffe	2
Randal Macdonnell	2
Randulph	2
Raph	2
Reader	2
Rebekah	2
Regina	2
Renatus	2
Ren'e De	2
Returne	2
Return Jonathan	2
Reynold	2
Reynolds	2
Ri	2
Richard C	2
Richard Chaloner	2
Richard Chappel	2
Richard-john	2
Richard Lomax	2
Richard Thomas	2
Richmal	2
Rickard	2
Ridgly	2
Ridolfino	2
Risdon	2
R. John	2
R. J. S	2
Robert Butler	2
Robert Courthope	2
Robert Dalyell	2
Robert Darling	2
Robert Devereaux	2
Robert Evans	2
Robert F	2
Robert Farren	2
Robert-george	2
Robert Hanson	2
Robert Kyrle	2
Robert Macqueen	2
Roberto	2
Robert Sidney	2
Robert Thomas	2
Royston	2
R. Plumer	2
R. S. Donnison	2
Rudolph	2
R. V	2
R. W	2
Sabine	2
Samoth	2
Samuel Beresford	2
Samuel Egerton	2
Samuel F	2
Samuel Howe	2
Samuel S	2
Samuel W	2
Sands	2
Sarah Harriet	2
Savage	2
Scévole De	2
Scroop Egerton	2
Sebastien	2
Sébastien-roch-nicolas	2
Sedgwick	2
Seymour Dorothy	2
S. F	2
Shapland	2
Sherman	2
Sholto Charles Douglas	2
Sibilla	2
Siegmund Jakob	2
Simion	2
Simon George	2
Simon Michel	2
Singleton	2
Sir Aston	2
Sir Balthazar	2
Sir David	2
Sir James	2
Sir Kenelm	2
Sir Matthew	2
S. M	2
Somerville	2
Sophie Von	2
Spence	2
Spencer Compton	2
Stamford	2
Standish	2
Stephen Row	2
Stewart James	2
Stiepan	2
Stuart Amos	2
Stuart Moncrieff	2
Sybilla-apolonia	2
Sylviana	2
Tamworth	2
Tancred	2
Teodorico	2
Teofilo	2
T. F	2
Théodore De	2
Théodore Turquet De	2
Theodor Von	2
Théophile	2
Théophile Brachet	2
Theophilus James	2
The Patriarch	2
Thomas Barnewall	2
Thomas Bruce	2
Thomas Charles	2
Thomas David	2
Thomas Dudley	2
Thomas Estcourt	2
Thomas Fitzmaurice	2
Thomas Gunter	2
Thomas Hartwell	2
Thomas Henry	2
Thomas Joseph	2
Thomas Lambert	2
Thomas Livingston	2
Thomas Masterman	2
Thomas More	2
Thomas Northcote	2
Thomas Norton	2
Thomas Nugent	2
Thomas Riley	2
Thomas Sackville	2
Thomas Sanders	2
Thomas T	2
Thomas Twisleton	2
Thommaso	2
Thornhagh	2
Thurston	2
Timothy P	2
Trevor	2
Umdat Al-mulk Anwar Al-din	2
Usher	2
Valentine Browne	2
Valentine Lumley	2
Valeriano	2
Van Stephen	2
Vasilii Nikitich	2
Venturo	2
Vicary	2
Victor De Riquetti	2
Vincent-claude	2
Vincent M	2
Vivant	2
Vyner	2
W. A	2
Walker	2
Walter De	2
Washington	2
W. B	2
W. C	2
Webster	2
W. G	2
Willem De	2
Willem Ten	2
Willem Van	2
William A	2
William Bagshaw	2
William Brooke	2
William Butler	2
William Claude	2
William Cochrane	2
William Cuthbert	2
William Czar	2
William Elisha Law	2
William Embury	2
William Francis	2
William Frederick	2
William George Richard Stanley	2
William Gill	2
William Gough	2
William Henry Bentinck	2
William Hill	2
William Hyde	2
William Isaac	2
William J	2
William Keith	2
William Lee	2
William Lowfield	2
William Luther	2
William Nicolas	2
William O'brien	2
William Paulet	2
William Pynson	2
William Richardson	2
William Robert	2
William Robertson	2
William Schaw	2
William Toy	2
William Ullithorne	2
William Wales	2
William Waller	2
William West	2
Wilson	2
Winston	2
Wm. Geo	2
Wolf	2
W. P	2
Zacheus	2
Zaphnaphpaaniah	2
Zaphnath	2
Zephaniah Swift	2
Z̤iyāʾ Al-dīn	2
-	1
A.a	1
Ab	1
Abbe	1
Abbé	1
Abd All-ah Ibn Ahmad	1
Abel-rodolphe De	1
Abernethy	1
Abijah	1
Aboan	1
Abraham Ben Little	1
Abraham Ben Mordecai	1
Abraham Ben Naphtali	1
Abraham Gottlob	1
Abraham H	1
Abraham L	1
Abraham Nicolas	1
Abraham Redwood	1
Abraham Richard	1
Absalon	1
Abū Al-maḥāsin Yūsuf	1
Abū Al-wafāʾ	1
Abū Bakr Muḥammad Ibn Zakarīyā	1
Ac	1
Accepted	1
A. Charles	1
Achille Nicolas	1
Achilles Pirmin	1
Ad	1
A. D	1
Adam Crawfurd	1
Adam Friedrich Wilhelm	1
Adam John	1
Adam Ludwig	1
Addis	1
Adélaïde-marie-emilie Fileul	1
Adeliza	1
Adlard Squire	1
Adolph C	1
Adolph Heinrich	1
Adriaan Van	1
Adrian De	1
Adrian Hardy	1
Adrian Von	1
Adrien Louis De Bonnières De Souastre	1
Adrien Quentin	1
Aemilia	1
Aemilius Van	1
Aesop	1
Agatha	1
Agostinho	1
Agricola	1
Agustín De	1
Agustin De	1
A. Henry	1
Ahimaaz	1
Ahmad Ibn Muhammad	1
Ahmedi Misri	1
Aijmor	1
Aimé	1
Aistroppe	1
A. J	1
Al	1
A. L	1
Albany	1
Albert-eugene De Lancelle De	1
Albigence	1
Albrecht	1
Aleksandr Mikhaĭlovich	1
Alethea	1
Alexander C	1
Alexander De	1
Alexander Erskine	1
Alexander Forrester Inglis	1
Alexander Francis	1
Alexander Gordon	1
Alexander Hay	1
Alexander Lyon	1
Alexander Marie	1
Alexander Monro	1
Alexander Purcell	1
Alexander Schaw	1
Alexander Von	1
Alexandra	1
Alexandre-balthazar-laurent	1
Alexandre-jérôme	1
Alexandre-joseph-pierre	1
Alexandre Le Blanc	1
Alexandre-stanislas	1
Alexandre Xavier	1
Alexr	1
Alfonso Avalos	1
Al-ḥusayn Ibn ʿalī	1
Alissimon	1
Allain	1
Allexander	1
Alonso Pérez De Guzmán	1
A Lover Of The Truth	1
Alpheus	1
Alphonse Ducongé	1
Alphonse Vincent Louis Antoine	1
Alured Henry	1
Alvan	1
Alvaro Navia Osorio	1
Amabel Hume-campbell	1
Amable-louis-rose De	1
Amariah	1
Amaziah	1
Amb	1
Ambroise Tranquille	1
Ambrose-marie-françois-joseph	1
Ambrosius Aurelius Theodosius	1
Amelia Alderson	1
Amey	1
Amorous	1
Amson	1
An	1
A. N	1
Anchitell	1
And A Citizen Of Dublin	1
Anderson	1
Andréa De	1
Andrea Giuseppe	1
Andreas Elias	1
André De	1
André-françois De	1
André Frédéric	1
André Guillaume	1
André-philippe Tardieu	1
André-pierre	1
Andrés De	1
Andrew G	1
Andrew Wilson	1
Angela Margarita	1
Angelin	1
Angelott	1
Angelus	1
Ange Marie	1
Angier	1
Annabella	1
Anna-concordia	1
Anna D'or	1
Anna Dorothea	1
Anna Elizabeth Grenville	1
Anna Maria Van	1
Anna Selina	1
Ann Batten	1
Anne B	1
Anne Catharine	1
Anne-claude	1
Anne François Joachim	1
Anne-hilarion De Cotentin	1
Anne Jean	1
Anne Livingston	1
Anne Marie	1
Anne-marie-louise D'orléans	1
Ann Emelinda	1
Anne Moore	1
Anne Pawlet	1
Anne-pierre	1
Anne West	1
Ann Melinda	1
Ann Sophia	1
Antho	1
Anthonie	1
Anthony A	1
Anthony Adrian Keith-falconer	1
Anthony Ashly Cooper	1
Anthony D'	1
Anthony Grey	1
Anthony Preston	1
Anthony Tudor	1
Antimo	1
Antoin	1
Antoine Alexandre	1
Antoine-fabio	1
Antoine-françois-claude	1
Antoine-henri De	1
Antoine Jean	1
Antoine Louis Claude	1
Antoine Perrenot De	1
Antoine Simon	1
Antonino	1
António	1
Antonio Dalla	1
Antonio De Lo	1
Antonio D. R	1
Antonio Giuseppe	1
Antonio Jayme	1
Antonio Mario	1
Antonió Nunes Ribeiro	1
Antonio Pereira De	1
Antonius Da Rocha	1
Antonius Faustus	1
Antonius Georgius	1
Anton Maria	1
Anton Van	1
Aodh	1
Aonio	1
A. P	1
A.-p. Julienne De	1
Ar	1
A. R. C. De	1
Arch.	1
Archbishop Of Uppsala	1
Archelaus	1
Archibald Primrose	1
Archibaldus	1
Archie	1
Arentius Ferdinand	1
Ares De Villamane Ossorio	1
Armand Boisbelaeu De	1
Armand De Gramont	1
Armand-guy	1
Armand John	1
Armand-louis-bon Maudet	1
Armand-louis De Gontaut	1
Arnaud	1
Arnauld Thomas	1
Arnould	1
Arth	1
Arthur Anselm	1
Arthur Dingwall	1
Arthur Grant	1
Arthur Hill	1
Arthur James	1
Arthur James Plunkett	1
Arthur Jones	1
Arthur Richard	1
Arthur-roger	1
Arthur-saunders Gore	1
Arthur Scott	1
Arthurus	1
Arundell	1
Arvid	1
Ascanio De'	1
Ascanius Christopher	1
Asher Anshel	1
Assheton	1
Astley	1
At Cove	1
Atkinson	1
Auguste David	1
Auguste De	1
Auguste Guillaume	1
Auguste-jean-franc̦ois-antoine	1
Auguste-louis	1
August Friedrich Wilhelm	1
Augustin-joseph-louis-philippe De	1
Augustin Louis De	1
August Jean Francois Antoine De	1
Augustus Montague	1
Augustus Quirinus	1
August William	1
Aurelio Lippo	1
Aurelius	1
Aurisco	1
Austin	1
A.-v	1
Aylmar	1
Aylmer Bourke	1
Bailey	1
Baily	1
Bainbrigg	1
Baislie	1
Balfour	1
Baltasar De Fuenmayor	1
Balthazar Georges	1
Balthazar Meno	1
Barbara Sinclair	1
Barbe De Boyer	1
Barkley	1
Baro	1
Baron	1
Bartholdus	1
Bartholomaus	1
Bartholomé De	1
Bartholomeus	1
Bartholomew Thomas	1
Barthow	1
Bartlemy	1
Bartlett	1
Bartolomé	1
Bartolomé De Las	1
Bartolommeo Della Rocca	1
Barzillai	1
Bathsheba	1
Bathurst	1
Baynham	1
B. D	1
Beata	1
Beaupré	1
Beckwith	1
Bedford	1
Behader	1
Beirs De	1
Belcher	1
Bellingham	1
Ben-balaam	1
Ben Gorion	1
Bengt Gabrielsson	1
Benito	1
Benja	1
Benjamin B	1
Benjamin Heath	1
Benjamin Meggot	1
Benjamin-sigismond	1
Beriah	1
Bernal	1
Bernard Georges	1
Bernardine	1
Bernard-joseph	1
Berney	1
Bernhard Adam	1
Bernhard Heinrich	1
Bernhard Peter	1
Bertram	1
Bertrand	1
Bertrand D'	1
Bertrand Poirier De	1
Bestia De	1
Bethia	1
Bethiah	1
Bethuel	1
Betsy	1
Beverley	1
Bevis	1
Bexworth	1
Biddy	1
Biker	1
Bishop Of Milan	1
Blaise François De	1
Blanch	1
Bledry	1
Blindem	1
Bobby	1
Bogislaw Von	1
Bollicosgo	1
Bolling	1
Bolton	1
Boniface	1
Boniface Louis André	1
Borealis	1
Borlase	1
Bosavern	1
Bowater	1
Bowen	1
Bowyer Edward	1
Bradshaw	1
Bridges	1
Bridgett Belasyse	1
Britannus	1
Briton	1
Brockholst	1
Brodrick	1
Bromsall	1
Brother	1
Brown	1
Bryant	1
Budgen	1
Burhān Al-dı̄n	1
But No Stoup And Rail Man	1
But No Tory	1
Buxton	1
Byam	1
&c	1
Cadwallader Blaney	1
Caesar A	1
Caius Vettius Aquilinus	1
Caleb Page	1
Caleb S	1
Called Severus	1
Callum	1
Cambpell	1
Carina	1
Carl August	1
Carl Fredrik	1
Carl Ignaz	1
Carlisle	1
Carl Johan Von	1
Carl Ludwig	1
Carlo Castone Della	1
Carlo Emanuele Filiberto Giacinto Da	1
Carlo Giuseppe	1
Carlo Monte	1
Carl Philipp Caspar Von	1
Carney Cavanaugh	1
Carolus De	1
Carolus Gustavus	1
Carolus Joannes	1
Carter	1
Carter Burwell	1
Case	1
Caspar Van	1
Cassumo	1
Castle	1
Casto Innocente	1
Catharine Colace	1
Catharine Stewart	1
Catherine De	1
Catherine Erskine	1
Catherine Hall	1
Cato	1
C. B	1
C. De	1
Cecilia	1
Celio Augustino	1
Celsus	1
Censorinus	1
César	1
César De	1
Ch	1
Chambers	1
Charity	1
Charles Augustine	1
Charles Augustus	1
Charles Austen	1
Charles Benjamin	1
Charles Bingham	1
Charles Bodvile Robartes	1
Charles Bridge	1
Charles Butler	1
Charles C	1
Charles Campbell	1
Charles Christopher	1
Charles Cocks	1
Charles Collins	1
Charles D'	1
Charles Dennis	1
Charles Edmund	1
Charles Esq	1
Charles Etienne Pierre	1
Charles Frederic W	1
Charles-gaspard	1
Charles-gaspard De	1
Charles George Perceval	1
Charles Harrington	1
Charles Heathcote	1
Charles Hector De Saint George	1
Charles Henry Mordaunt	1
Charles Jacques	1
Charles-jean-françois	1
Charles-jeffrey	1
Charles John	1
Charles John Cary	1
Charles Joseph De	1
Charles Joseph François	1
Charles Justin	1
Charles Léopold De	1
Charles Lodowick	1
Charles Loraine	1
Charles-louis	1
Charles Louis Roch De	1
Charles Lucas Pinckney	1
Charles Mccarthy	1
Charles Moore	1
Charles Nicholas Michel	1
Charles Oliver	1
Charles Panton	1
Charles Pratt	1
Charles Rosalie De Rohan-chabot	1
Charles Selby	1
Charles Sloane	1
Charles Small	1
Charles St. Clair	1
Charles Stead	1
Charles Steuart	1
Charles Thomas	1
Charles Topham	1
Charles W	1
Charles Walter	1
Charles William Molyneux	1
Charley	1
Charlotte Addison	1
Charlotte Brabantina	1
Charlotte Campbell	1
Charlotte Compton	1
Charlotte-elisabeth	1
Charlotte Eliza	1
Charlotte-marie-anne Charbonnier De	1
Charlotte Murray	1
Charlotte Rose De	1
Charlotte Saumaise De Chazan	1
Chase	1
Cheyne	1
C. H. F. Von	1
Chidly	1
Chileab	1
Christian Adolph	1
Christian Daniel Von	1
Christian Felix	1
Christian Frederick	1
Christian Friedrich Gottlob	1
Christian Jacob	1
Christian L. A	1
Christian Severin	1
Christianus	1
Christianus Mathias	1
Christian Wilhelm Franz	1
Christiern	1
Christlieb Ehregott	1
Christophe	1
C Hristopher	1
Christopher Bridge	1
Christopher Ernest	1
Christopher Lake	1
Christoph Ernest	1
Christopherus	1
Christopher William	1
Christoph Ludwig	1
Christoph Ludwig Von	1
Christoph Otto Von	1
Christoph Wilhelm	1
Cimelgus	1
C. Jun	1
Claes Jansz	1
Claude Antoine	1
Claude-barthélemy	1
Claude Boniface	1
Claude Emmanuel Joseph Pierre	1
Claude Emmanuel Lhuillier	1
Claude-franc&# ;ois	1
Claude-françois	1
Claude-gaspard Barbat	1
Claude Grostête	1
Claude-henri	1
Claude-joseph	1
Claude-nicolas	1
Claude Or Sainliens	1
Claudio Nicolà	1
Claudius Paul	1
Clemens	1
Clement Cottrell	1
Clementia	1
Clerk	1
Coenrad George	1
Coeruleus	1
Coghill	1
Colquhoun	1
Colston	1
Colthurst	1
Columbus	1
Compton	1
Con Bacagh O'neill	1
Conly	1
Consort Of Frederick I	1
Consort Of Henry Viii	1
Constantijn	1
Constantine Phipps	1
Constantino Giuseppe	1
Constantinus	1
Cook	1
Corbett	1
Corbin	1
Cordelia	1
Cornelio	1
Cornelisa	1
Cornelis Van	1
Cornelys	1
Cornwall	1
Cort	1
Cortes	1
Cosmo George Gordan	1
C. P. Claret	1
Cradock	1
Crambo	1
Craven	1
Crean	1
Creswell	1
Crispijn Van De	1
Crispin Paul	1
Cullpepper	1
Culmer	1
Curwen	1
Cushing	1
C. W	1
D. A	1
Dabridgcourt	1
Dacre Barrett	1
Daddy	1
Daivd Murray	1
Daldianus	1
Damião De	1
Dana	1
Daniel Appleton	1
Daniel Arthur	1
Daniel C	1
Daniel Carless	1
Daniel Charles	1
Daniello	1
Daniel Mitford	1
Daniel Of St. Thomas	1
Daniel Parker	1
Daniel Robinson	1
Daniel Roderick	1
D'astor De	1
David Bayard	1
David Burton	1
David Carnegie	1
David Cathcart	1
David Chabrand	1
David Cohen	1
David Corbin	1
David De	1
David-françois De	1
David Frederick	1
David G	1
David Hay	1
David Henry	1
David Hume	1
David-nicolas De	1
David Rae	1
David Samuel Von	1
David Schuyler	1
David Tevele	1
David Williamson Robertson	1
Dawson	1
Dāwūd Ibn ʿumar	1
D. D	1
- De	1
Dearing	1
Degenhard	1
De Granada	1
De Mediolano	1
Demetrius De	1
De Monte Rocherii	1
Denis De	1
Denis Ivanovich	1
Denys	1
Dermod	1
Dermond	1
Dewans	1
D. Haymon	1
Diadochus	1
Diane	1
Didier-pierre	1
Diego Sarmiento De Acuña	1
Dietrich Heinrich	1
Diogo Da	1
Diogo De	1
Diogo De Carvalho E	1
Dionysius	1
Dionysius Petrus	1
Dirk	1
Dirk Van	1
D. L	1
D. M	1
Doctor Of Coventry	1
Dodington	1
Dolorio	1
Dom	1
Domenico Aurelio	1
Domine	1
Domingos Dos Reis	1
Dominic	1
Dominicus Felis A	1
Dominique-joseph	1
Donatien-marie-joseph De Vimeur	1
Donell	1
Dora	1
Dorman	1
Dorothy J	1
Dougald	1
Dougall	1
Doyley	1
D. Poeniteus	1
Drawcansir	1
Draycott	1
D. R. De	1
Drelincourt-young	1
Duarte	1
Dud	1
Dudley Atkins	1
Duel	1
Dugal	1
Dulcibella	1
Duncanus	1
Duncombe	1
D. W	1
Dwight	1
E. B	1
Eben	1
Ebenezer Smith	1
Ebenezor	1
Eberhard	1
Eberhard Friedrich	1
Eccles	1
Ed	1
Edgly	1
Edme Jacques	1
Edme Jean Baptiste	1
Edmond Alexander	1
Edmund Sigismund	1
Edmundus	1
Edmund Von	1
édouard Thomas	1
Edvardus Jacobus	1
Edward Atkins	1
Edward Becher	1
Edward Cape	1
Edward Coke	1
Edward Darrell	1
Edward Goodman	1
Edward Harley Iv	1
Edward Henry Lee	1
Edward Hoare	1
Edward King	1
Edward La	1
Edward Law	1
Edward-loggin	1
Edward Miles	1
Edward Moor	1
Edward Moore	1
Edwards	1
Edward Stanley	1
Edward St. Loe	1
Edward Trapp	1
Edward W	1
Edward Ward	1
Edward Washington	1
Edward Wills	1
Edwin Lascelles	1
Edwin Sandys	1
E. F	1
Egbert	1
Egeon	1
Ehver	1
Einon	1
Elbridge	1
Eldad	1
Eldred	1
éléonore	1
Eléonore-françois-elie	1
Eliam	1
Ēlias	1
Elidad	1
Elihu Hall	1
Eliphaz	1
Elisha Cullen	1
Elizabeth Anna	1
Elizabeth Carolina	1
Elizabeth Clinton	1
Elizabeth Eyton	1
Elizabeth Gertrude	1
Elizabeth-gray	1
Elizabeth Harlow	1
Elizabeth Hervey	1
Elizabeth Isabella	1
Elizabeth-jean	1
Elizabeth Lambart	1
Elizabeth Maria	1
Elizabeth Melvill	1
Elizabeth Melville	1
Elizabeth Monck	1
Elizabeth Richardson	1
Elizabeth Richbell Presgrave	1
Elizabeth Seymour Percy	1
Elizabeth Sidney	1
Elizabeth Stuart	1
Elizabeth Tuchet	1
Eliza Dorothea	1
Elizaphan	1
Ellerker	1
Ellert De	1
Ellis Button	1
Elphingston	1
Elutherius	1
Elway	1
E.-m	1
Emilia	1
Emma	1
Emmanuel-gervais Roergas De	1
Englehart	1
Enoch Ap	1
E. P	1
Ephraim Rinhold	1
Erich	1
Eric Tobias	1
Ericus	1
Ernst Salomon	1
Erra	1
Erskine	1
Esaïe Du Mats De	1
Esprit	1
Esprit-jean-baptiste	1
Esprit Joseph	1
Esprit-michel	1
Estienne	1
Estienne De	1
Etienne Agard De	1
étienne-françois	1
Etienne François De	1
étienne-jean	1
Etienne-joseph De	1
Etienne Lécuyer De	1
Euclid	1
Euphemia Maria Dungan	1
Eusebio	1
Evan David	1
Evaristo	1
Eve	1
Evelyn Pierrepont	1
Everard Van	1
Everhard	1
Evers	1
Evert Ysbrants	1
Ewaldus	1
Ewan	1
Eyre Burton	1
Eyriak	1
Ez	1
Ezekiel John	1
Ezekiel L	1
Fabricio	1
Fadrique	1
Fadrique De	1
Fairmedow	1
Faith	1
Farmer	1
Farrell	1
F. A. S	1
Fath ʿali	1
Fédor	1
Félicité	1
Feliks Franciszek	1
Félix	1
Félix De	1
Félix François	1
Ferdinand Jean Maximilien	1
Fernando Alvarez De Toledo	1
Fer~nao Lopes De	1
F.-h	1
F. H	1
F.h. Af	1
Field	1
Finlay	1
Fitzhugh	1
Fitz Norris	1
Fleury Paulet	1
Florimond-claude	1
F. N	1
Folliott Herbert Walker	1
Forbes	1
Forde	1
Forecastle	1
Fortunato	1
Fortunatus Antonius	1
Foster	1
Fotherley	1
Foulkes	1
Francesca De	1
Francesco Antonio	1
Francesco D,́	1
Francesco Maria	1
Francesco Saverio	1
Francesco Zaverio	1
Frances Hastings	1
Frances Howard Carr	1
Frances Lane	1
Frances Seymour	1
Frances Talbot	1
Francis Adrian	1
Francis ægidius	1
Francis Aspry	1
Francis Bacon	1
Francis Balladon	1
Francis Bernard	1
Francis Blake	1
Francis Bowes	1
Francisca	1
Francisco Antonio	1
Francisco Baltheo	1
Francisco Baltheo De	1
Francisco Moles	1
Francisco Xaverio	1
Franciscus De	1
Francis Egerton	1
Francis Frye	1
Francis Hamilton	1
Francis Haskins Eyles	1
Francis Hickin	1
Francis Joseph	1
Francis Kinloch	1
Francis Paul	1
Francis Rigby	1
Francis Thomas Fitzmaurice	1
Francis Tracy	1
Franciszek	1
François Armand	1
François-bernard	1
François-bernard	1
François Charles	1
Franc̜ois De	1
François De Bonne	1
Francois De Bourbon	1
François De Lorraine	1
Franc&# ;ois De Salignac De La Mothe-	1
François Dorval-langlois	1
Françoise De	1
Francoise De	1
Franc̜oise Marie Antoinette	1
Françoise-thérèse Aumerle De Saint-phalier	1
François Eudes De	1
François Germain	1
François-hédelin	1
François-henri	1
François-henri De Montmorency	1
François-henri De Montmorency	1
Francois Henri De Montmorency-bouteville	1
François-ignace	1
François-jean	1
François-jean	1
François-joseph	1
François Joseph	1
François Louis Legrand De	1
François Marie	1
François Nicolaas	1
François Parrain De	1
Francois Paul	1
François-rené	1
François René	1
François René Jean De	1
François Rodolphe De	1
François Siméon	1
François Simon	1
Frantz Siegmund	1
Franz Ambrosius	1
Franz Christopher August	1
Frederick Armand	1
Frederick August Ludowig	1
Frederick Augustus Conrad	1
Frederick Carl Hans Bruno	1
Frederick Polydore	1
Frederick Reinard	1
Frederick Thaddeus	1
Frederick Valentine	1
Frederick William Hervey	1
Frederic Theodor	1
Fredric	1
Fredrik	1
Freegrace	1
Freeman	1
Fremington	1
French	1
Fridericus	1
Frid. Will. Van	1
Friederich	1
Friedrich Albrecht Carl	1
Friedrich August Clemens	1
Friedrich Caesar	1
Friedrich Christoph Jonathan	1
Friedrich Christoph Von	1
Friedrich Daniel	1
Friedrich Ernst Von	1
Friedrich Hermann Ludwig	1
Friedrich Ludwig Anton	1
Friedrich Ludwig Von	1
Friedrich Reinhard	1
Friedrich Sebastian	1
Friedrich Wilhelm Peter	1
Friedrich Willhelm	1
Fulgenzio	1
Fulke Greville	1
Fusée	1
F. W	1
F. William	1
Gabriel D'	1
Gabrieldo	1
Gabriele	1
Gabriel-honoré De Riquetti	1
Gaëtan Rossi De	1
Gaius Cornelius	1
Galfredus	1
Gamaliel Fitz-gerald	1
Garner A	1
Garret	1
Gaspard	1
Gaspar De	1
Gaspar Gil	1
Gaven	1
G.b. De	1
G. C	1
Gédéon	1
Geertruyd Deriks	1
Geffry	1
General Don	1
Geneviève	1
Genu Soalhat De	1
Geoffroy De	1
Georg Christ	1
Georg Christoph	1
Georg Dionysius	1
George-andrew-patrick-	1
George Andrew Patrick	1
George Augustine	1
George Augustus	1
George Bussey Villiers	1
George Calvert	1
George Capel-coningsby	1
George Christopher	1
George Cranfield	1
George De	1
George Evelyn Boscawen	1
George Farquhar	1
George Finch	1
George Francis	1
George Granville Leveson-gower	1
George Greville	1
George Hamilton	1
George Henry Fitzroy	1
George Henry Lee Ii	1
George Husband	1
George I	1
George James	1
George Jeoffery	1
George Jerry	1
George Legge	1
George Lethieullier	1
George Lewis	1
George-lynch	1
George M	1
George Mackay	1
George M'farquhar	1
George Milligen	1
George Montagu-dunk	1
George O'brien Wyndham	1
George Owen	1
George Richard	1
George Robertson	1
George Sackville	1
George Saint-george	1
George Seton	1
Georges-françois	1
George Somers	1
George Sondes	1
George Stanley	1
George Twisleton	1
George Van Den Bempdé-johnstone	1
George Vincent	1
George Ward	1
George Whitfield	1
George William Frederick Osborne	1
Georg Franz	1
Georg Friedrich Von	1
Georg Georgson	1
Georg Gottfried	1
Georg Heinrich	1
Georg Heinrich Von	1
Georg Henning	1
Georgiana	1
Georgina	1
Georgio	1
Georgios	1
Georgius Fredericus	1
Georg Michael	1
Georg Wilhelm	1
Georg Wolffgang	1
Gerard Johann	1
Gerard Noel	1
Gerard William	1
Gerat	1
Gerhard Jurgen	1
Gerhard Ulrich Anton	1
Germain-hyacinthe De	1
Germanicus	1
Germen	1
Gerolamo Franchi Di	1
Geronimo	1
Gerrit	1
Gerrit De	1
Giacinto	1
Giacinto Sigismondo	1
Giacomo Di	1
Giandomenico	1
Gian Rinaldo	1
Gibbons	1
Gijsbert	1
Gil	1
Gilbert Saulnier	1
Giles H	1
Gillam	1
Gillery	1
Gilles Augustin	1
Gilpine	1
Gioacchino	1
Gio Antonio De	1
Gioarchino	1
Gio. Battista	1
Gio Marino De	1
Giovambatista Dal	1
Giovan Battista Feliciano	1
Giovanfrancesco	1
Giovann	1
Giovanne De	1
Giovanni Ambrigio	1
Giovanni Benedetto	1
Giovanni Carlo Maria	1
Giovanni Domenico	1
Giovanni Giorgio	1
Giovanni Gualberto	1
Giovanni Tommaso	1
Girolamo Bartolomeo	1
Giuseppe Dʼippolito	1
G. J	1
G. K	1
Glubech	1
Godefroy	1
Godelief	1
Goerge	1
Goodridge	1
Goodyear	1
Gorion	1
Goronwy	1
Gottfried Wilhelm	1
Gotthard	1
Gottlieb Sigmund	1
Gottlieb Wilhelm	1
Goulstone	1
Govard	1
Graeme	1
Grant	1
Grass And Hay	1
Gratiano	1
Greenville	1
Greenway	1
Grey Brydges	1
Griffin	1
Griffith Morgan	1
Grímur Jónsson	1
Griswell	1
Grizzle	1
G. S	1
Guglielmo Hay	1
Gui De	1
Guilelmus Damasus	1
Guilielm	1
Guilielmo	1
Guillaume Amfrye De	1
Guillaume D'	1
Guillaume François	1
Guillaume-françois De Mahy	1
Guillaume-joseph	1
Guillaume Marie Anne	1
Guillaume-rené Lefébure	1
Gulielmus Bird	1
Gulielmus Joannes	1
Gulielmus Jones	1
Gulielmus Randle	1
Gulielmus Somervell	1
Gulielmus Warren	1
Gunning	1
Gustaf	1
Gustaf Adolph	1
Gustaf Mauritz	1
Gustavus Ricardus	1
Guy Carleton	1
Guy Du Faur	1
Guy-jean-baptiste	1
Guyon	1
H. A	1
Haestrect	1
Haijm Isaac	1
Halliday	1
Haly	1
Ham	1
Hampden	1
Handaside	1
Hardick	1
Hardolph	1
Harim	1
Harman	1
Harmon G	1
Harper	1
Harriot Westrop	1
Harris	1
Harry Powlett	1
Hartley	1
Harum	1
Hawley	1
Hayward	1
Hayyim Joseph David	1
H. Beeston	1
H. E	1
Hector Gottfried	1
Heinrich Anshelm Von	1
Heinrich Matthias	1
Heinrich Moritz Gottlieb	1
Heliogenes De	1
Hendrick Van	1
Hendrik Cornelis	1
Henri Benoı̂t Jules De	1
Henrich Rupert	1
Henricus Carolus	1
Henricus Cornelius	1
Henri De Lorraine	1
Henri De Massue	1
Henrik	1
Henri Louis	1
Henri-louis Jacquet	1
Henri Marc De Gouffier	1
Henri-simon-joseph	1
Henry Allen	1
Henry Arthur Herbert	1
Henry Augustus Montagu	1
Henry Bennet	1
Henry Boldero	1
Henry Bourchier	1
Henry Boyle	1
Henry Brouncker	1
Henry Butler	1
Henry Capel	1
Henry Drumlanrig	1
Henry Dutton	1
Henry Edwyn	1
Henry Feron	1
Henry Fiennes Pelham-clinton	1
Henry Fitzroy	1
Henry Fortich	1
Henry Francis Roper-curzon	1
Henry Fred	1
Henry Gough	1
Henry Hare	1
Henry Harvey	1
Henry Hay	1
Henry Holt	1
Henry Ingram	1
Henry Jackson	1
Henry John	1
Henry Lawes Luttrell	1
Henry Lucius	1
Henry M	1
Henry Macneale	1
Henry Martin	1
Henry Maurice	1
Henry Melchior	1
Henry Mordaunt	1
Henry Noel	1
Henry Norton	1
Henry Parker	1
Henry Phipps	1
Henry Ryder	1
Henry S	1
Henry Sampson	1
Henry Shute	1
Henry Temple	1
Henry Thomas Fox-strangways	1
Henry Tishborne	1
Henry Townley	1
Henry U	1
Henry-william	1
Hermann Samuel	1
Hernry	1
Hero	1
Hervey	1
Hewett	1
Hezekiah Stites	1
H. G. Emeric	1
Hickman	1
Highmore	1
Hilary	1
Hillary	1
Himbert De	1
Hinrich Andreas	1
H. L	1
H. M	1
H. Needham	1
Hoca	1
Homer	1
Honer	1
Honorat De Bueil	1
Honoré D'	1
Honoré-joseph	1
Honorius Martins Da	1
Hope	1
Hopestill	1
Horace Bénédict De	1
Howell Ap David	1
Hryhoriǐ Andriǐovych	1
H. S	1
H. T	1
Hu	1
Hubbard	1
Hugh Alexander	1
Hugh Campbell	1
Hughe	1
Hugh Gavin	1
Hugh Hare	1
Hugh Mackay	1
Hugh O'neill	1
Hugues	1
Hume	1
Humphrey Trafford	1
Hunt	1
Hunter & Beaumont	1
Huntingdon	1
Huson	1
Huttoft	1
Huw	1
H. W	1
Hyde	1
Iames	1
I. B	1
Ibrāhīm Ibn Muḥammad	1
Ida	1
Ifan	1
Ignace	1
Ignacio Marı́a	1
Ignazio Saverio	1
Imre	1
Indiana	1
Iñigo López De Mendoza	1
In Pensylvanien	1
In The State Of Massachusetts	1
Iohn	1
Ippolito	1
Ireneus	1
Irenũs	1
Ireton	1
Isaac Burke	1
Isaac D'	1
Isaac-ʹetienne D'	1
Isaac Francis	1
Isaac Mendes	1
Isaac William	1
Isabella Carr	1
Isabella Fitzroy	1
Isac	1
Ishac De Sequeyra	1
Ishmael Zaphnaphpaaniah	1
Isidore	1
Israel Beard	1
Israell	1
Israel Meshullam	1
Issachar	1
Italian	1
Ithiel	1
Ivan Andreevich	1
I. W	1
Jac	1
Jachinto	1
Jacob Bernard	1
Jacob Conelissoon Van	1
Jacob M	1
Jacob Rodrigues	1
Jacobus Barter Makittrick	1
Jacobus Bernardus	1
Jacobus Pearson	1
Jacob Van	1
Jacob Vander	1
Jacopo Di	1
Jacquemine	1
Jacques Antoine	1
Jacques-antoine-marie De	1
Jacques Auguste De	1
Jacques Cristoph	1
Jacques D'	1
Jacques De Langlade	1
Jacques Georges De	1
Jacques Philippe D'	1
Jacques Pineton De	1
Jacques-raymond	1
Jahleel	1
Jaime	1
Jakob Le	1
J. A. L	1
James Alexander	1
James Archibald	1
James Bernard	1
James Bladen	1
James Box	1
James Burnett	1
James Carroll	1
James Cavanah	1
James Chichester	1
James Cunningham	1
James Darcy	1
James Diament	1
James Diggs	1
James Drew	1
James Duke	1
James Dunbar	1
James Farquhar	1
James Francis Edward	1
James Frederick	1
James Fullarton	1
James Gardiner	1
James Griffith	1
James Haldane	1
James Harriman	1
James Hope Johnstone	1
James Inglish	1
James L	1
James Laurence	1
James Lenox	1
James Lesslie	1
James Marmaduke	1
James Maury	1
James Norcliffe-innes Ker	1
James Peller	1
James Raymond	1
James Roch	1
James Sholto	1
James Skelton	1
James Stanier	1
James Stevenson	1
James Templeton	1
James Theobald	1
James Thomas	1
James Thruston	1
James Tuchet	1
James Wadham	1
James Watson	1
James Wellwood	1
James Westwood	1
James Widman	1
James Williamson	1
James Wilmot	1
James Wolfe	1
Jamie	1
Jamineau	1
Jan Baptist Van	1
Jan Christiaan	1
Jane Cochrane	1
Janet Carmichael	1
Jane Ward	1
Jan Huygen Van	1
Jannet	1
János	1
Jan Pieter	1
Janus Julius	1
Jan Willem	1
Jan Ympyn	1
Jasper Canonicus	1
Jasper Really Kasper	1
J.b	1
J. B. D'	1
J. B. G	1
J. Bradley	1
J.-c	1
J. C. C. A	1
J.-charles	1
J. D'	1
J. Daniel	1
Jean Albert D'	1
Jean Alexandre	1
Jean-baptiste-barthélemy	1
Jean Baptiste Bertrand	1
Jean Baptiste Bourguignon D'	1
Jean-baptiste-christophe	1
Jean Baptiste Cobert	1
Jean-baptiste Colbert	1
Jean Baptiste Colbert	1
Jean-baptiste-donatien De Vimeur	1
Jean-baptiste-henri Du Trousset De	1
Jean Baptiste Le Seur	1
Jean Baptiste Louis	1
Jean-baptiste-pierre	1
Jean-baptiste Sauvé	1
Jean Baptiste Yves	1
Jean Benjamin De	1
Jean-benoı̂t	1
Jean Benoı̂t	1
Jean Bernard	1
Jean-bon	1
Jean Campbell	1
Jean-charles De	1
Jean Chrysostôme	1
Jean-chrysostome Larcher	1
Jean Claude	1
Jean Claude Adrien	1
Jean Daniel Pierre étienne	1
Jean Eléazar	1
Jean-françois Dieudonné De	1
Jean-françois Espic De	1
Jean-gaspard	1
Jean George Le Franc	1
Jean Gordon	1
Jean-hyacinthe	1
Jean Jacques Louis	1
Jean Jaques	1
Jean-joseph-florent De	1
Jean-joseph Vergely De	1
Jean Le Rond D'	1
Jean Le Royer	1
Jean Lindsay-crawford	1
Jean Louis Marie	1
Jean Maria	1
Jean-marie	1
Jeanne Bécu	1
Jeanne Bécu	1
Jeanne Margeritte	1
Jeanne-marie	1
Jean-noël	1
Jean Renʹe	1
Jean-rodolphe	1
Jean Rodolphe	1
Jean-roland	1
Jean T'serclaes De	1
Jean-yrieux De Beaupoil	1
Jehan	1
Jehu	1
Jehudah	1
Jemima Maria	1
Jemina	1
Jenny	1
Jeremia	1
Jeremiah Gates	1
Jeremiah Learnoult	1
Jeremias David	1
Je&# ;ro&# ;me Marie	1
Jerzy	1
Jerzy Daniel	1
Jessop	1
J. F. W	1
J. G. D'	1
J. G. J. B	1
J. Henry	1
J. J. Sebastien	1
J. L. C	1
J. Lee	1
J. L. Jean-l	1
J. Marie De	1
Jno	1
Joan Derk Van Der	1
Joane	1
Joanne	1
Joannes à	1
Joannes Baptista De	1
Joannes Butt	1
Joannes Cornelius De	1
Joannes De	1
Joannes Franklyn	1
Joannes Fredericus	1
Joannes Fridericus	1
Joannes Georgius	1
Joannes Gulielmus	1
Joannes Hannum	1
Joannes Heathfield	1
Joannes Hermannus	1
Joannes Irvine	1
Joannes Jacobus	1
Joannes Randolph	1
Joannes R. B	1
Joannes Warroch	1
Joannmes	1
Jo~ao	1
João	1
Joāo Jacinto De	1
Johanes	1
Johan Henrich	1
Johann Albert	1
Johann Dietrich Philipp Christian	1
Johann Elias	1
Johannes Aegidius Van	1
Johannes Augustus	1
Johannes Casparus	1
Johannes Jacobus	1
Johannes Michael	1
Johannes Scotus	1
Johannes Thedorus Van Der	1
Johannes Theodorus Van Der	1
Johannes Velmont Van	1
Johannes Von	1
Johann Eustachius	1
Johann Ferdinand	1
Johann Friedrich August	1
Johann Friedrich Wilhelm	1
Johann Georg Christian	1
Johann George	1
Johann Gottlob Benjamin	1
Johann Heinrich Ernst	1
Johann Henrich	1
Johann Hinrich	1
Johann Jakob Meno	1
Johann Karl August	1
Johann Konrad	1
Johann Ladislaus	1
Johann Leonhard	1
Johann Nathanael	1
Johann Nathaniel	1
Johann Peter Von	1
Johann Samuel	1
Johann Ulrich	1
Johann Valentin	1
Johann Van Der	1
Johann Von	1
Johann Wolfgang	1
Johan Splinter	1
Joh. Friedrich Guillus	1
J Ohn	1
John Abraham	1
John Adams	1
John Alexander	1
John Ames	1
John Archibald	1
John Baker	1
John Bane	1
John Baptista	1
John Baptiste	1
John Baptiste Clement	1
John Bartlett	1
John Beetes	1
John Bell	1
John Belshes	1
John Benjamin	1
John Berkeley	1
John Bird	1
John Blenkinsop	1
John Bligh	1
John Borlase	1
John Boswell	1
John Bowes	1
John Boyd	1
John Bradford	1
John Brickdale	1
John Browne	1
John Butler	1
John Carey	1
John Castle	1
John Cecil	1
John-charles	1
John Charles Villiers	1
John Chetwode	1
John Chew	1
John Chorley	1
John Clarke	1
John Clotworthy	1
John Conrad Francis De	1
John Corham	1
John Cornelius	1
John Cox	1
John Crosbie	1
John Cuming	1
John D	1
John David	1
John,db.	1
John De Courcy	1
John De Kraino	1
John Dewye	1
John Douglas	1
John Dudley	1
John Dutton	1
John E	1
John Edmonds	1
John Edmund	1
John Edward	1
John Elphinstone	1
John English	1
John Erskine	1
John Eusebius	1
John Faucheraud	1
John Fauchereaund	1
John Finch	1
John Fitz	1
John Fitzgerald	1
John Fitzpatrick	1
John Fl.	1
John Flory	1
John Ford	1
John Franklin	1
John Frederick Sackville	1
John Fyshe	1
John Garlies	1
John Gaspar	1
John Gee	1
John Glover	1
John Griffin Griffin	1
John Grubham	1
John Hanbury	1
John Harris	1
John Heathfield	1
John Herbert	1
John Hervey	1
John Hubbard	1
John Ignatius	1
John J	1
John Jackson	1
John-james	1
John Jones	1
John Jun	1
John Kingston	1
John Knox	1
John Kynaston	1
John Latimer	1
John Law	1
John Leyburn	1
John Litchfield	1
John Livingston	1
John Lowther	1
John Ludd	1
John Luke	1
John Mackenzie	1
John Marsden	1
John Martin	1
John Matthias	1
John Mervin	1
John Methuen	1
John Monckton	1
John Morgan	1
John Murdoch	1
John Nelson	1
John Newball	1
John Papillon	1
John Parker	1
John Paterson	1
John Pelling	1
John Pilkington	1
John Plummer	1
John Powell	1
John Prendergast-smyth	1
John Prichard	1
John Riggs	1
John Roger	1
John Rogerson	1
John Ross	1
John Saunders	1
John Sharples	1
John Skottowe	1
John Smallman	1
John Somers Cocks	1
John Stark	1
John Strangewayes	1
John Taylor	1
John Theophile	1
John Towill	1
John Tyndale	1
John V	1
John Webbe	1
John Webster	1
John Westbrooke	1
John Whalley	1
John Whittley	1
John Wight	1
John Willoughby Cole	1
John Witherington	1
John Zachariah	1
Jo. Jac	1
Jolley	1
Jonas Smith	1
Jonatan De	1
Jonathan Anderson	1
Jonathan Carter	1
Jonathan Loring	1
Jonathan Ogden	1
Jörg	1
Jorge De	1
Joris Van	1
Jose Avellino	1
Josʹe De	1
José De	1
Josef Nikolaus	1
José Francisco	1
José Joaquim Da Cunha De	1
Joseph Aime-david	1
Joseph André	1
Joseph B	1
Joseph-barthélemy-françois	1
Joseph Ben Ephraim	1
Joseph-bill	1
Joseph Charles	1
Joseph D	1
Joseph Dean	1
Joseph Durey De Sauroy	1
Joseph Francis	1
Joseph-françois	1
Joseph François	1
Joseph Gascoigne	1
Joseph Geneviève	1
Joseph Godfrey	1
Joseph H	1
Joseph Hart	1
Joseph Hopper	1
Joseph Jérôme Le Français De	1
Joseph Jun	1
Joseph Juste	1
Joseph Knight	1
Joseph Maria	1
Joseph Mason	1
Joseph Nikolaus	1
Joseph Of Frenchay	1
Joseph Romain	1
Joseph Thomas	1
Josephus Antonius De	1
Josephus Fenn	1
Josephus Nicholes	1
Joseph Von	1
Joseph Warren	1
Joseph Wilkinson	1
Joseph Yesurun	1
Josh	1
Joshua Bridges	1
Joshuah	1
Josiah G	1
Josiah Ogden	1
Josias Carvil	1
Josias Lyndon	1
Josse	1
Josse De	1
Josué	1
Jotham	1
Jo. V	1
Joy	1
J.s	1
Juan Antonio De La	1
Juan Ginés De	1
Juan José De	1
Juan Pablo	1
Juan Tomás Enríquez De	1
Judah Ben Solomon	1
Julien Offrey De	1
Jun	1
Justin	1
Justus Conrad	1
Juvenall	1
J. V	1
J. Watts	1
K	1
Karl Anton	1
Karl August Von	1
Karl Christoph	1
Karl Heinrich	1
Karl Ivanovich	1
Karl Johann Von	1
Karl Ludolph	1
Karl Theodor Von	1
Karl Ulysses Von	1
Karol Fryderyk	1
Kate	1
Katheren	1
Katherine Sheffiels	1
Kazimierz	1
Keane	1
Keimer	1
Keneth	1
Kennethus	1
Kennett	1
Kentigern	1
Keyserling Heinrich	1
Kiah	1
King Of France	1
King Of Ireland	1
Kingsmill	1
Knight Of The Magic Spear	1
Knox	1
Koenraad Van	1
Krystyna	1
Laban	1
Lack-limb	1
Lady Elizabeth	1
Laetitia Matilda	1
Lambrecht	1
Lambrocke	1
Lancelot-voisin	1
Langdon John	1
Langford	1
Langhorn	1
Lascelles	1
Lat	1
Lauderdale	1
Laurance	1
Laurence Hyde	1
Laurent François	1
Laurentius	1
Laurentius Gulielmus	1
Laurent-pierre	1
Law	1
Lawrance	1
L. B. De	1
L. De	1
Léger Marie	1
Lelio	1
Lemeke	1
Léonard	1
Léonard	1
Léonard De	1
Leondert	1
Leonell	1
Léonor D'	1
Léonor Jean Christine Soulas D'	1
Lestock	1
Leticia	1
Letitia	1
Lettice	1
Lewis Disney	1
Lewis Francis	1
Lewis George	1
Lewis Gordon	1
Lewis Tobias	1
Lewis Valentine	1
Lewis William	1
Lieut-colonel	1
Lieuwe Van	1
Lillias	1
Lindesius	1
Lion	1
Lionel Cranfield Sackville	1
L. J	1
L. L	1
Llewellyn	1
Lloyd	1
Lodewijk Caspar	1
Lodewijk De	1
Lorentz	1
Lot	1
Lotis	1
Louis Amédée	1
Louis Antoine	1
Louis Armand	1
Louis-auguste Félix	1
Louis-augustin	1
Louis Basile Carré De	1
Louis-charles De Hautefort	1
Louis De Duras	1
Louis De Rouvroyb	1
Louise Cavelier	1
Louise Florence Pétronille Tardieu Désclavelles	1
Louise Françoise De Houssay De	1
Louise-marguerite De Lorraine	1
Louise Marguerite Jeanne Madeleine	1
Louis-françois-henri	1
Louis François Isidore	1
Louis Henry	1
Louis Hue	1
Louis Jules Barbon Mancini-mazarini	1
Louis-laurent-joseph	1
Louis-léon-félicité	1
Louis-marie-joseph-romain D'albert D'ailly	1
Louis Moreau	1
Louis-nicolas	1
Louis Petit De	1
Louis-philippe Mariauchau D'	1
Louis Pierre De	1
Louis Régnier De	1
Louis Sophie Le Tellier De Souvre	1
Louis Turquet De	1
Lousie Francoise	1
Lovel	1
L. Quincius	1
L. R	1
Luca Antonio	1
Lucas De	1
Lucas Jacobsen	1
Luc De	1
Luce	1
Lucinda	1
Lucius	1
Lucius Henry Cary	1
Lucius Quintius	1
Lucius Severus	1
Lucy Chester	1
Ludlow	1
Ludovic Lindsay	1
Ludovicus De	1
Ludwell	1
Ludwig Benedict Franz	1
Ludwig Heinrich Von	1
Ludwig Maximilian	1
Ludwig Raduit De	1
Luigi De	1
Luis De	1
Luis De La	1
L Uke De	1
Lydia Mariana	1
Lyonell	1
Lyrick	1
M.	1
M. A	1
Mabel	1
Machell	1
Mack Me	1
Macktellina Livingston	1
Maffeo	1
Magdalene	1
Magens Dorrien	1
Magi	1
Magnus Friedrich	1
Maḥmūd Ibn Muḥammad	1
Malachias	1
Malcom	1
Maltis	1
Manley	1
Mann	1
Manoel Pereira	1
Mansel	1
Mansell	1
Marc-alexandre	1
Marc-antoine De	1
Marc Antoine Gérard	1
Marc Antoine René De Voyer	1
Marc Auguste	1
Marcellus	1
Marc-rené-marie D'amarzit De Sahuguet D'	1
Marc-théodore	1
Marcus Terentius	1
Marcus Zuerius	1
Mareon	1
Mareschalck	1
Margaret Askew Fell	1
Margaret Hamilton	1
Margaret Holles	1
Margaret Jemima	1
Margaret Magdalen	1
Margaret Maitland	1
Margaret Murray	1
Margaret Scot	1
Margaret Somerset	1
Margaret Stuart	1
Margetson	1
Margrat	1
Margret	1
Marguerite	1
Maria De	1
Maria Elizabeth	1
Maria Hester	1
Mariamne	1
Marian	1
Mariano	1
Maria Theresa	1
Maria Woodley	1
Marie-anne De Roumier	1
Marie Armande Jeanne	1
Marie Catherine Hortense De	1
Marie De Maupeou	1
Marie-geneviève-charlotte Darlus	1
Marie-joseph	1
Marie Joséphine De Comarieu	1
Marie Joseph Paul Yves Roch Gilbert Du Motier	1
Marie-madeleine Gobelin	1
Marie Thérèse	1
Marina	1
Marin De	1
Marin Grostête	1
Marin Leroy	1
Mark Alexander	1
Mark Anthony De	1
Mark Moses	1
Marsden	1
Martha Thompson	1
Martin Caulfield	1
Martin De	1
Martin Fernández De	1
Martin Heinrich	1
Martin Joseph	1
Martino	1
Mary De	1
Mary Douglas	1
Mary Frances	1
Mary Isabella Manners	1
Mary Lewis	1
Mary Lindley	1
Mary Livingston	1
Mary Margaretta	1
Mary Milton	1
Mary R	1
Mary Seymour	1
Mary Somerset	1
Mary Vanlore Alexander	1
Mascoll	1
Massey	1
Masterton	1
Mat	1
Mathieu François Pidanzat De	1
Mathurin-jacques	1
Matteaux	1
Matthäus	1
Matthew French	1
Matthew Henry	1
Matthias E	1
Matthias H	1
Matthias Ludwig	1
Matthias Scott	1
Mattia	1
Maturin Veyssière De	1
Maurice Thompson	1
Mauritius Adolphus Newton	1
Max	1
Maximilian Joseph	1
Maximilien De Béthune	1
Maximilien De Bthune	1
Maximilien-henri	1
Maximilien-marie	1
Maximos	1
Mayer	1
M. B	1
M. C	1
Meade	1
Meade H	1
Medad	1
Mehetable	1
Melancton	1
Melchior Adam	1
Meliora	1
Melmouth	1
Merit N	1
Merrial	1
Merry	1
Metaphrastes	1
Metcalf	1
M. H	1
Micaele	1
Michael Benignus	1
Michael Lovell	1
Michael Nethlebius	1
Michael Von	1
Michel-amable	1
Michel-ange	1
Michel Ange	1
Michelangiolo	1
Michel Armand	1
Michel Coltelli	1
Michele	1
Michel Pedersøn	1
Michiel Adriaanszoon De	1
Michiel Van	1
Miers	1
Mikhail Vasilʹevich	1
Mikuláš	1
Mildmay Fane	1
Mi-london	1
Minimus	1
Miriam	1
M. J. C	1
M. J. S	1
M. M	1
Modesto	1
Mohammed	1
Molineux	1
Molly	1
Mongrell	1
Montague	1
Montagu Venables-bertie	1
Mordecai Gumpel Levi	1
Moreton	1
Morrogh	1
Morys	1
Moses À	1
Moses Ben Isaac	1
Moses Leavitt	1
Mountague	1
Mountfort	1
Movsēs	1
M. R	1
M. Radclyffe	1
Mrs. Aphra	1
Mrs. John	1
Mrs. Mary	1
Muhammad	1
Muḥammad Ibn ʻabd Al-malik	1
Muḥammad Ibn Áli	1
Muḥammad Sāqī	1
Mundeford	1
Murdo	1
Musidorus	1
Mylo	1
Myrth	1
Naomi	1
Nathan-b	1
Neeman	1
Nevill	1
Nian	1
Nich	1
Nicholas Abraham De	1
Nicholas Baker	1
Nicholas Hume-loftus	1
Nicholas J	1
Nicholas Lawless	1
Nicholaus	1
Nicholias	1
Nick	1
Nicodemus	1
Nicola Giuseppe	1
Nicolas Abraham De	1
Nicolas Alain	1
Nicolas Du Blé	1
Nicolas étienne	1
Nicolas Louis De	1
Nicolas-marc	1
Nicolas Ragot De	1
Nicolaus Antoninus	1
Nicolò	1
Nicolò	1
Nikolaas	1
Niven	1
N.-m	1
Noadiah	1
Noah U	1
North	1
Norwich	1
Notarius	1
Nuel	1
Nūr Al-dīn	1
N. X	1
Oakes	1
Obadia	1
Obediah	1
Octavian	1
Octavie Guichard	1
October	1
Odet De	1
Odoardo	1
Odoricus	1
Of Grenada	1
Of Llancarvan	1
Of The University Of Cambridge	1
Ogerius	1
Oglethorp	1
Olinthus	1
Oliph Leigh	1
Oliver James	1
Oliver St. John	1
Omer	1
Omnelio	1
Ondrej	1
Onuphrius	1
Onuphrius Aram	1
Oonagh	1
Opie	1
Orator	1
Oraziofin Id S /upd	1
Orlando Augustus	1
Orlibar	1
Osbaston Sophia	1
Osborne Sidney	1
Osmund	1
Other Windsor	1
Othniel	1
Ottiwell	1
Otto De	1
Otto Herman	1
Ottwell	1
Ozias	1
Pain	1
Pandolfo	1
Pandolpho	1
Pantaleão	1
Papyrius	1
Pardon	1
Paroculus	1
Pascal	1
Pascal Paoli	1
Pascoe	1
Pasqual Joseph	1
Pathericke	1
Patriarch Of Alexandria	1
Patriarch Of Constantinople	1
Patriarchus	1
Patric	1
Patrick Baron	1
Patrick Davidson	1
Patrick Lindsay	1
Patrick Macdowall-crichton	1
Patrike	1
Paulet	1
Paul Eurialius	1
Paul François	1
Paul H	1
Paul Henri	1
Paulino Da	1
Paul Philippe	1
Paul Stevens	1
Paulus Van	1
P. B. M	1
P. D	1
P. E	1
Peard	1
Peckham	1
Pedaell	1
Pedro Pablo	1
Pelham	1
Pellegrino Antonio	1
Peloni	1
Pendavid	1
Pendlebury	1
Penuel	1
Perceval	1
Percy Clinton Sydney Smythe	1
Peregrinus De	1
Perkins	1
Perrott	1
Perry Eccleston	1
Perses	1
Perseval	1
Peter I	1
Peter Mark	1
Peter Philanthropos	1
Peter Simon	1
Peter Thomas	1
Petrus Ab	1
Petrus Sachariae	1
Petrus Van	1
P. Gulielmus	1
Phelim Mc	1
Philalethes	1
Philim	1
Philip Alias Metcalfe	1
Philip Gendron	1
Philip Godfrid	1
Philip Henry	1
Philippa	1
Philip Parry	1
Philip Parry Price	1
Philippe D'	1
Philippe De Courcillon	1
Philippe De Montault De Bénac	1
Philippe Edmé	1
Philippe-florent De	1
Philippe Henri	1
Philippe-laurent	1
Philippe Louis	1
Philippe-louis-marc-antoine De Noailles Mouchy	1
Philipp Georg Friedrich Von	1
Philipp Jacob	1
Philipp Johann Von	1
Philipp Matthäus	1
Philip Roberts	1
Philip Sidney	1
Philip Smythe	1
Philip Syng	1
Philip William	1
Phillippa	1
Philobeth	1
Philomath N	1
Philotheus Elianus	1
Phocion	1
Phrygius	1
Pier	1
Pierio	1
Pierre Abraham	1
Pierre-alexandre	1
Pierre-alphonse	1
Pierre Amable	1
Pierre-antoine	1
Pierre-auguste	1
Pierre Charles De Hault	1
Pierre De Sales	1
Pierre-franc̜ois	1
Pierre-françois-alexandre	1
Pierre-françois-théophile	1
Pierre Jean Marie	1
Pierre Joseph Antoine	1
Pierre Le	1
Pierre-louis	1
Pierre Michel	1
Pierre Nicolas	1
Pierre-thomas	1
Pierre-toussaint	1
Pierre-xavier	1
Pieter De	1
Pieter Van Der	1
Pietro Angelo	1
Pietro De	1
Pietro Maria	1
Pietro Martiro D'	1
Pietro Matteo	1
Pietro Paolo	1
Pilgrim	1
Pill	1
Pinckney	1
Pinkstan	1
Pinnell	1
Piter	1
Pitt	1
P.-j.-f	1
P-l	1
Platt	1
Plaxton	1
P.-l. De	1
P. L. De	1
P. Le Pesant De	1
Pliny	1
Plunkett	1
Pons De Lauzière	1
Poplicola	1
Poulton	1
Powell Samuel	1
Powle	1
Præcipies	1
Prebendary	1
Preston	1
Proctor	1
Prosper	1
Prospero	1
Pryce	1
P. T	1
Ptolomy	1
P.w	1
Quartus Quintus	1
Queen	1
Quinbus	1
Quin Mackenzie	1
Quintus Tullius	1
R.a	1
R. A	1
Radulphus	1
R. A. F	1
Raimond De Beccarie De Pavie	1
Raimondo	1
Ralph Fl.	1
Ralph Hanson	1
Ramón	1
Ramsay	1
Ramsay R	1
Ranald George	1
Randal James	1
Ranew	1
Ranulph	1
Raphe	1
Raphel	1
Rauf	1
Raunce	1
Rawson Hart	1
Ray	1
Raymund	1
Rayner	1
R. C	1
Read	1
Reading	1
Rebeckah	1
Reed	1
Reeves	1
Regiment De La	1
Reinier De	1
Reinier John	1
Reis	1
Remacle D'	1
Remigio	1
René-antoine Ferchault De	1
René De	1
René Goulaine De	1
René-jacques Croissant De	1
Resta	1
R Eturne	1
Reymer	1
Ricardus Sharpe	1
Riccardton	1
Richard Barnard	1
Richard Bedon	1
Richard Bourke	1
Richard Browne	1
Richard Channing	1
Richard D	1
Richard Downing	1
Richard Duncan	1
Richard E	1
Richard Edgcumbe	1
Richard Everard	1
Richard Fiennes	1
Richard Floyd	1
Richard Girard De	1
Richard Hamilton	1
Richard Hayes	1
Richard Jones	1
Richard Kelhorn	1
Richard Lambart	1
Richard Lumley	1
Richard Nash	1
Richardo	1
Richard Oswald	1
Richard Parsons	1
Richard Pepper Arden	1
Richard Robinson	1
Richards	1
Richard Scott	1
Richard Temple Nugent Brydges Chandos	1
Richard Tylney	1
Richardus Johannes Horatius	1
Richard Vining	1
Richard Watson	1
Richard Whalley	1
Richard William	1
Richard Wilson	1
Richd	1
Richmond	1
Riley	1
R. J	1
Robert Auriol Hay Drummond	1
Robert B	1
Robert Balfour	1
Robert Banks Jenkinson	1
Robert Bertie	1
Robert Beverley	1
Robert Bray	1
Robert Bruce Aeneas	1
Robert-c -	1
Robert Charles	1
Robert Darley	1
Robert Donald	1
Robert Dorset	1
Robert Douglas	1
Robert Edge	1
Robert Eveleigh	1
Robert Gamble Waiters	1
Robert Garland	1
Robert George William Trefusis	1
Robert Gray	1
Robert Grosvenor	1
Robert H	1
Robert Hamilton	1
Robert Henley	1
Robert Henley-ongley	1
Robert Hoadly	1
Robert Hodshon	1
Robert Holt	1
Robert King	1
Robert Lascelles	1
Robert Lindsay Hamilton	1
Robert Myrton	1
Robert Nichols	1
Robert Paris	1
Robert Paston	1
Robert Paul	1
Robert Percy	1
Robert Ridgeway	1
Robert Robinson Watson	1
Robert Rochfort	1
Robert Ryves	1
Robert Tilson Deane	1
Robertus Mackewn	1
Robertus Rogers	1
Robert W	1
Robuck	1
Rochemont	1
Rochfort	1
Rocque	1
Rodham	1
Rodolph	1
Rodulphus	1
Rogers	1
Rolston	1
Romanus	1
Rooke	1
Rorie	1
Rosse	1
Rossetta	1
Roswell	1
Rowan	1
Rowedger	1
Rowlande	1
Rowland Otto	1
Rozel	1
R. Richard	1
R. S	1
Rudjer Josip	1
Rudolph August	1
Rufus	1
Runjlf	1
Russell	1
R. Willhelmina	1
Sabaoth	1
šahamir	1
Sake Deen	1
Sally Sayward Barrell Keating	1
Salwey	1
Sambrook Nicholas	1
S Amuel	1
Samuel Augustus	1
Samuel Bell	1
Samuel Bogusław	1
Samuel Burton	1
Samuel Byam	1
Samuel Cotreau	1
Samuel Croker	1
Samuel Dinsmore	1
Samuel Forman	1
Samuel Fowler	1
Samuel Franklin	1
Samuel Frederick	1
Samuel G	1
Samuel George	1
Samuel H. P	1
Samuel Jordan	1
Samuel Marsh	1
Samuel Molineux	1
Samuel Pargiter	1
Samuel Rowland	1
Samuel Smith	1
Samuel Theodor	1
Samuel Thomas	1
Samuel Whittelsey	1
Sancho	1
Sancho Manuel De Vilhena	1
Sandy	1
Sara	1
Sarah Cornelius De	1
Sarah Emma	1
Sarah Leigh	1
Sarah Parsons	1
Sarah Scudgell	1
Saulem	1
Saumarez	1
Sauveur François	1
Savagesius	1
Savinien	1
Saynought	1
Scévole De	1
Scipio	1
Scipion	1
Seaborn	1
Sebastião Da	1
Sébastien François	1
Sébastien-roch-nicolas	1
Secondo	1
Selden	1
Selina Hastings	1
Selina Shirley	1
Sem	1
Serafino	1
Seraphin	1
Sewster	1
Sextus	1
Sextus Aurelius	1
Sforza	1
Shane-baune	1
Sharon	1
Sheldon	1
Shem	1
Shimei	1
Sholto	1
Shon Up	1
Shubael	1
Siculus	1
Sigismond	1
Sigismund	1
Silence	1
Silviana	1
Simkin	1
Simon Luttrell	1
Simon Van De	1
Sims	1
Sinclaire	1
Sionophilus	1
Sir	1
Sirāj Al-dīn Muḥammad Ibn Muḥammad	1
Sir Anthony	1
Sir Arthur	1
Sir Audeley	1
Sir Audley	1
Sir Christopher	1
Sir Clement	1
Sir Edmond	1
Sir Edward	1
Sir Ferdinando	1
Sir Hardresse	1
Sir Josiah	1
Sir Nathaniel	1
Sir Nicholas	1
Sir Patience	1
Sir Paul	1
Sir Peter	1
Sir Philip	1
Sir Robert	1
Sir Samuel	1
Sir Walter	1
S. J	1
Skene	1
Sloane	1
S. Man	1
Smith	1
Smithson	1
S-ms-n	1
Snowden	1
Sofren	1
Sollom	1
Somerset Hamilton Butler	1
Spiridione	1
Spranger	1
Squier	1
S.r	1
St	1
S. T	1
Stakeen	1
Stanford	1
Stanhope	1
Stanislas	1
Stavely	1
Stefano Benedetto	1
Steffan	1
Stepan Petrovich	1
Stephen Abel	1
Stephen Bloomer	1
Stephen Edward	1
Stephen Ludwig	1
Stevens	1
Streynsham	1
Sulpice Imbert	1
Sulpicius	1
Supply	1
Susan Kennedy	1
Susanna Lyon	1
Sweep	1
Swithun	1
Syl	1
Sylas	1
Sylvia	1
Tadēos	1
Talbot	1
Tanneguy Joseph Cauvin	1
T. Augustus	1
T. B	1
T. De	1
Tebaldo	1
Tedy	1
Teesdale	1
Temperance	1
Temple Simon	1
Teshino	1
Th	1
Thankfull	1
The	1
The Lowest Of The Tuneful Train	1
Theobald Richard	1
Theobaldus Edmundus	1
Theocletus	1
Theod	1
Theodoor Jansson Van	1
Théodore	1
Théodore	1
Théodore-antoine	1
Theodore Forbes	1
Théodore-henri De	1
Theodor Gottlieb Von	1
Theodorick	1
Theodor Van Der	1
Theodosio	1
Theophelus	1
Theophile	1
Théophile	1
Théophile De	1
Theophilos	1
Theophilus Hastings	1
Theophilus Henry	1
Theophilus Lewis	1
Theophilus Philalethes	1
Theophilus Philanax Gerusiphilus Philalethes	1
Théophraste	1
Theophrastus	1
The Younger	1
Thieleman J. Van	1
Tho. B	1
T Homas	1
Thomas Archibald	1
Thomas Arthur De	1
Thomas Atwood	1
Thomas Augustus	1
Thomas Baker	1
Thomas Bassnet	1
Thomas Belasyse	1
Thomas Benge	1
Thomas Bingham	1
Thomas Bridge	1
Thomas Browne	1
Thomas Butler	1
Thomas Cadogan	1
Thomas Chamberlayne	1
Thomas Chilton Lambton	1
Thomas Croade	1
Thomas De	1
Thomas Dickson	1
Thomas Dungan	1
Thomas Ebenezer	1
Thomas Edward	1
Thomas Elbridge	1
Thomas Emerson	1
Thomasen	1
Thomas F	1
Thomas Folliott	1
Thomas-fothringham	1
Thomas Frisby	1
Thomas Frognall	1
Thomas Gery	1
Thomas Graham	1
Thomas Grimwood	1
Thomas Harrison	1
Thomas Hockin	1
Thomas Hollier	1
Thomas Holt	1
Thomas Hooper	1
Thomas Hornby	1
Thomas Jean	1
Thomas Jewning	1
Thomas Knolles	1
Thomas Laurent	1
Thomas M	1
Thomas Marsh	1
Thomas Maxwell	1
Thomas Milward	1
Thomas Morris	1
Thomas Mortimer	1
Thomas Mounsey	1
Thomas Myles	1
Thomas Noel	1
Thomas Orde	1
Thomas P	1
Thomas Pakenham	1
Thomas Parker	1
Thomas Petter	1
Thomas Pike	1
Thomas Pitt	1
Thomas Pollard	1
Thomas Postumus	1
Thomas Pym	1
Thomas Roper	1
Thomas Ruddimann	1
Thomas Ruggles	1
Thomas S	1
Thomas Saul	1
Thomas Sautell	1
Thomas Savage	1
Thomas Skelton	1
Thomas Skip Dyot	1
Thomas Smith	1
Thomas Stokes	1
Thomas Taylour	1
Thomas Terry	1
Thomas Thynne	1
Thomas Tuder	1
Thomas Turner	1
Thomas Vesey	1
Thomas Warr	1
Thomas Watson	1
Thomas West	1
Thomas William Coke	1
Thomas Williamson	1
Thornburgh	1
Thornton	1
Tib	1
Timothée	1
Timothy Fletcher	1
Timothy Mather	1
Timothy Tapps	1
Titus Livius De	1
Titus Pomponius	1
Titus Theodore	1
T. J	1
T. J. Horsley	1
T. J. R	1
T. Needham	1
To	1
T. O	1
Tobie De	1
Tobyas	1
Tomás De	1
Tomkins	1
Tomkyns Hilgrove	1
Towers	1
Tranquillus	1
Treadway Russell	1
Trevor Lloyd	1
Trophime-grard	1
T. T	1
Tucker	1
Tullius	1
Tusanus	1
Tymothy	1
Ulick	1
Umdat Al-muk Anwar Al-din	1
Unca Eliza	1
Up Shinkin	1
Urbain René De	1
Uriel	1
Ursule De	1
Valentine Browne Lawless	1
Valentin Jamerai	1
Valentin Jean	1
Valentinus	1
Valerius	1
Vandos	1
Van Hugo Gasper	1
Vasco	1
Venantius Honorius Clementianus	1
Vendramino	1
Venture	1
Victor Amédée De	1
Vincentius	1
Vincenzo Da	1
Vittorio Amadeo	1
Volkert	1
Volrath	1
Vortigern	1
Wait Still	1
Waitwell	1
Waller	1
Walraven Van	1
Walsh	1
Walsingham	1
Walter Dixon	1
Walter Kennedy	1
Walter Kirkham	1
Walter Michael	1
Walter Sandilands	1
Walter Scott	1
Walter Spencer	1
Walter Stuart	1
Wanley	1
Ward	1
Wardhaugh	1
Ward Nicholas	1
Warham	1
Washington Shirley	1
Watson	1
W. Beauchamp	1
W. D	1
W. Edward	1
Welbore Ellis	1
W.h	1
Wheaton	1
Whirligig	1
Whitehall W	1
Whitmore	1
Whytefield	1
Wil	1
Wilfride	1
Wilhelm Erasmus	1
Wilhelm Gottlob	1
Wilhelmine Ente	1
Wilhelmine Karoline Von	1
Wililam	1
Wilkes	1
Wilkinson	1
Willaim	1
Willard	1
Willem Adriaan	1
Willem Corneliszoon	1
Willemina Sasbout Van	1
Willem Jamszoon	1
Willett	1
W Illiam	1
William Alfred	1
William Annesley	1
William Augustus West	1
William B	1
William Balfour	1
William Barker	1
William Beeston	1
William Bellingham	1
William Benson	1
William Burton	1
William Capel	1
William Carrique	1
William C. C	1
William Chambers	1
William Charles Farrell	1
William Charles Keppel	1
William Clark	1
William Crawford	1
William Crichton	1
William Dandridge	1
William Daw	1
William De	1
William Dechair	1
William Ducie	1
William Elias	1
William Erskine	1
William G	1
William-george-simon-david	1
William H	1
William Harry Vane	1
William Hendracke	1
William Henry Cavendish Scott Bentinck	1
William Henry Van Nassau Van Zuylestein	1
William Holles	1
William Humble	1
William Humphrey	1
William Iii	1
William James	1
William John	1
William Kennedy	1
William King	1
William Lamb	1
William Lewis	1
William Livingston	1
William Luke	1
William Lysaght	1
William Mackinen	1
William Major	1
William Man	1
William Maxwell	1
William Mogg	1
William Mordaunt	1
William Morrey	1
William Nelson	1
William Nevile	1
William Noel-hill	1
William Nowell	1
William Ogilvy	1
William P	1
William Pierce	1
William Pitts	1
William Price	1
William Pulteney	1
William R	1
William Robinson	1
William Roundell	1
William Rowland	1
Williams	1
William Saunders	1
William Sidney	1
William Soranzo	1
William Spicer	1
William Stafford	1
William Stanhope	1
William St. Lawrence	1
William Tileston	1
William Urban	1
William Vans	1
William Villiers	1
William Wilberforce	1
William Wildman	1
William Wilmot	1
William Windle	1
Willibald	1
Willielma Campbell	1
Willm	1
Willmot	1
Wilmot	1
Wilsey	1
Winchcombe Howard	1
W.j	1
Woldemar Hermann	1
Wolley	1
Wolstenholme	1
Woodford	1
W.s	1
Wyatt	1
Wynne	1
Xavier	1
Yorick	1
Yves Marie De	1
Zaccaria	1
Zach	1
Zachery	1
Zadock	1
Zecharias	1
Zenas	1
Zuinglius	1
